"","INTERVALSTARTTIME_GMT","INTERVALENDTIME_GMT","SLRS_TYPE","OPR_DT","OPR_HR","OPR_INTERVAL","MARKET_RUN_ID","TAC_ZONE_NAME","SCHEDULE","XML_DATA_ITEM","POS","MW","GROUP"
"1","2019-09-15T09:15:00-00:00","2019-09-15T09:20:00-00:00","ALL","2019-09-15",3,4,"RTM","Caiso_Totals","Export","ISO_TOT_EXP_MW",1,17514.63,1
"2","2019-09-15T09:25:00-00:00","2019-09-15T09:30:00-00:00","ALL","2019-09-15",3,6,"RTM","Caiso_Totals","Export","ISO_TOT_EXP_MW",1,17606.66,1
"3","2019-09-15T09:35:00-00:00","2019-09-15T09:40:00-00:00","ALL","2019-09-15",3,8,"RTM","Caiso_Totals","Export","ISO_TOT_EXP_MW",1,17380.28,1
"4","2019-09-15T09:55:00-00:00","2019-09-15T10:00:00-00:00","ALL","2019-09-15",3,12,"RTM","Caiso_Totals","Export","ISO_TOT_EXP_MW",1,17321.89,1
"5","2019-09-15T10:25:00-00:00","2019-09-15T10:30:00-00:00","ALL","2019-09-15",4,6,"RTM","Caiso_Totals","Export","ISO_TOT_EXP_MW",1,17585.16,1
"6","2019-09-15T13:55:00-00:00","2019-09-15T14:00:00-00:00","ALL","2019-09-15",7,12,"RTM","Caiso_Totals","Export","ISO_TOT_EXP_MW",1,16830.1,1
"7","2019-09-15T14:40:00-00:00","2019-09-15T14:45:00-00:00","ALL","2019-09-15",8,9,"RTM","Caiso_Totals","Export","ISO_TOT_EXP_MW",1,17158.68,1
"8","2019-09-15T15:05:00-00:00","2019-09-15T15:10:00-00:00","ALL","2019-09-15",9,2,"RTM","Caiso_Totals","Export","ISO_TOT_EXP_MW",1,17033.13,1
"9","2019-09-15T15:10:00-00:00","2019-09-15T15:15:00-00:00","ALL","2019-09-15",9,3,"RTM","Caiso_Totals","Export","ISO_TOT_EXP_MW",1,17095.29,1
"10","2019-09-15T16:55:00-00:00","2019-09-15T17:00:00-00:00","ALL","2019-09-15",10,12,"RTM","Caiso_Totals","Export","ISO_TOT_EXP_MW",1,18199.39,1
"11","2019-09-15T17:20:00-00:00","2019-09-15T17:25:00-00:00","ALL","2019-09-15",11,5,"RTM","Caiso_Totals","Export","ISO_TOT_EXP_MW",1,18799.83,1
"12","2019-09-15T17:25:00-00:00","2019-09-15T17:30:00-00:00","ALL","2019-09-15",11,6,"RTM","Caiso_Totals","Export","ISO_TOT_EXP_MW",1,18996.22,1
"13","2019-09-15T17:30:00-00:00","2019-09-15T17:35:00-00:00","ALL","2019-09-15",11,7,"RTM","Caiso_Totals","Export","ISO_TOT_EXP_MW",1,18964.13,1
"14","2019-09-15T17:40:00-00:00","2019-09-15T17:45:00-00:00","ALL","2019-09-15",11,9,"RTM","Caiso_Totals","Export","ISO_TOT_EXP_MW",1,18800.01,1
"15","2019-09-15T17:50:00-00:00","2019-09-15T17:55:00-00:00","ALL","2019-09-15",11,11,"RTM","Caiso_Totals","Export","ISO_TOT_EXP_MW",1,18812.34,1
"16","2019-09-15T18:35:00-00:00","2019-09-15T18:40:00-00:00","ALL","2019-09-15",12,8,"RTM","Caiso_Totals","Export","ISO_TOT_EXP_MW",1,18442.73,1
"17","2019-09-15T19:35:00-00:00","2019-09-15T19:40:00-00:00","ALL","2019-09-15",13,8,"RTM","Caiso_Totals","Export","ISO_TOT_EXP_MW",1,17665.73,1
"18","2019-09-15T19:45:00-00:00","2019-09-15T19:50:00-00:00","ALL","2019-09-15",13,10,"RTM","Caiso_Totals","Export","ISO_TOT_EXP_MW",1,17317.99,1
"19","2019-09-15T20:45:00-00:00","2019-09-15T20:50:00-00:00","ALL","2019-09-15",14,10,"RTM","Caiso_Totals","Export","ISO_TOT_EXP_MW",1,18682.14,1
"20","2019-09-15T21:05:00-00:00","2019-09-15T21:10:00-00:00","ALL","2019-09-15",15,2,"RTM","Caiso_Totals","Export","ISO_TOT_EXP_MW",1,19301.38,1
"21","2019-09-15T21:30:00-00:00","2019-09-15T21:35:00-00:00","ALL","2019-09-15",15,7,"RTM","Caiso_Totals","Export","ISO_TOT_EXP_MW",1,19596.54,1
"22","2019-09-15T22:45:00-00:00","2019-09-15T22:50:00-00:00","ALL","2019-09-15",16,10,"RTM","Caiso_Totals","Export","ISO_TOT_EXP_MW",1,19619.56,1
"23","2019-09-15T23:05:00-00:00","2019-09-15T23:10:00-00:00","ALL","2019-09-15",17,2,"RTM","Caiso_Totals","Export","ISO_TOT_EXP_MW",1,20299.83,1
"24","2019-09-15T23:35:00-00:00","2019-09-15T23:40:00-00:00","ALL","2019-09-15",17,8,"RTM","Caiso_Totals","Export","ISO_TOT_EXP_MW",1,20768,1
"25","2019-09-16T02:35:00-00:00","2019-09-16T02:40:00-00:00","ALL","2019-09-15",20,8,"RTM","Caiso_Totals","Export","ISO_TOT_EXP_MW",1,22329.26,1
"26","2019-09-16T03:00:00-00:00","2019-09-16T03:05:00-00:00","ALL","2019-09-15",21,1,"RTM","Caiso_Totals","Export","ISO_TOT_EXP_MW",1,21078.9,1
"27","2019-09-16T03:35:00-00:00","2019-09-16T03:40:00-00:00","ALL","2019-09-15",21,8,"RTM","Caiso_Totals","Export","ISO_TOT_EXP_MW",1,20127.57,1
"28","2019-09-16T06:00:00-00:00","2019-09-16T06:05:00-00:00","ALL","2019-09-15",24,1,"RTM","Caiso_Totals","Export","ISO_TOT_EXP_MW",1,18446.79,1
"29","2019-09-16T06:40:00-00:00","2019-09-16T06:45:00-00:00","ALL","2019-09-15",24,9,"RTM","Caiso_Totals","Export","ISO_TOT_EXP_MW",1,18307.25,1
"30","2019-09-15T08:00:00-00:00","2019-09-15T08:05:00-00:00","ALL","2019-09-15",2,1,"RTM","Caiso_Totals","Export","ISO_TOT_EXP_MW",1,17937.39,1
"31","2019-09-15T08:25:00-00:00","2019-09-15T08:30:00-00:00","ALL","2019-09-15",2,6,"RTM","Caiso_Totals","Export","ISO_TOT_EXP_MW",1,18231.2,1
"32","2019-09-15T08:35:00-00:00","2019-09-15T08:40:00-00:00","ALL","2019-09-15",2,8,"RTM","Caiso_Totals","Export","ISO_TOT_EXP_MW",1,17712.45,1
"33","2019-09-15T09:30:00-00:00","2019-09-15T09:35:00-00:00","ALL","2019-09-15",3,7,"RTM","Caiso_Totals","Export","ISO_TOT_EXP_MW",1,17537.19,1
"34","2019-09-15T10:30:00-00:00","2019-09-15T10:35:00-00:00","ALL","2019-09-15",4,7,"RTM","Caiso_Totals","Export","ISO_TOT_EXP_MW",1,17485.88,1
"35","2019-09-15T11:15:00-00:00","2019-09-15T11:20:00-00:00","ALL","2019-09-15",5,4,"RTM","Caiso_Totals","Export","ISO_TOT_EXP_MW",1,17343.68,1
"36","2019-09-15T11:30:00-00:00","2019-09-15T11:35:00-00:00","ALL","2019-09-15",5,7,"RTM","Caiso_Totals","Export","ISO_TOT_EXP_MW",1,17235.97,1
"37","2019-09-15T11:35:00-00:00","2019-09-15T11:40:00-00:00","ALL","2019-09-15",5,8,"RTM","Caiso_Totals","Export","ISO_TOT_EXP_MW",1,17247.26,1
"38","2019-09-15T11:45:00-00:00","2019-09-15T11:50:00-00:00","ALL","2019-09-15",5,10,"RTM","Caiso_Totals","Export","ISO_TOT_EXP_MW",1,17223.6,1
"39","2019-09-15T13:10:00-00:00","2019-09-15T13:15:00-00:00","ALL","2019-09-15",7,3,"RTM","Caiso_Totals","Export","ISO_TOT_EXP_MW",1,16551.42,1
"40","2019-09-15T14:10:00-00:00","2019-09-15T14:15:00-00:00","ALL","2019-09-15",8,3,"RTM","Caiso_Totals","Export","ISO_TOT_EXP_MW",1,17455.6,1
"41","2019-09-15T15:50:00-00:00","2019-09-15T15:55:00-00:00","ALL","2019-09-15",9,11,"RTM","Caiso_Totals","Export","ISO_TOT_EXP_MW",1,17073.23,1
"42","2019-09-15T15:55:00-00:00","2019-09-15T16:00:00-00:00","ALL","2019-09-15",9,12,"RTM","Caiso_Totals","Export","ISO_TOT_EXP_MW",1,17234.12,1
"43","2019-09-15T18:00:00-00:00","2019-09-15T18:05:00-00:00","ALL","2019-09-15",12,1,"RTM","Caiso_Totals","Export","ISO_TOT_EXP_MW",1,18234.12,1
"44","2019-09-15T18:15:00-00:00","2019-09-15T18:20:00-00:00","ALL","2019-09-15",12,4,"RTM","Caiso_Totals","Export","ISO_TOT_EXP_MW",1,18450.32,1
"45","2019-09-15T18:30:00-00:00","2019-09-15T18:35:00-00:00","ALL","2019-09-15",12,7,"RTM","Caiso_Totals","Export","ISO_TOT_EXP_MW",1,18590.1,1
"46","2019-09-15T20:30:00-00:00","2019-09-15T20:35:00-00:00","ALL","2019-09-15",14,7,"RTM","Caiso_Totals","Export","ISO_TOT_EXP_MW",1,18246.35,1
"47","2019-09-15T20:50:00-00:00","2019-09-15T20:55:00-00:00","ALL","2019-09-15",14,11,"RTM","Caiso_Totals","Export","ISO_TOT_EXP_MW",1,18902.98,1
"48","2019-09-15T21:10:00-00:00","2019-09-15T21:15:00-00:00","ALL","2019-09-15",15,3,"RTM","Caiso_Totals","Export","ISO_TOT_EXP_MW",1,19349.39,1
"49","2019-09-15T21:15:00-00:00","2019-09-15T21:20:00-00:00","ALL","2019-09-15",15,4,"RTM","Caiso_Totals","Export","ISO_TOT_EXP_MW",1,19411.14,1
"50","2019-09-15T21:20:00-00:00","2019-09-15T21:25:00-00:00","ALL","2019-09-15",15,5,"RTM","Caiso_Totals","Export","ISO_TOT_EXP_MW",1,19407.55,1
"51","2019-09-15T22:10:00-00:00","2019-09-15T22:15:00-00:00","ALL","2019-09-15",16,3,"RTM","Caiso_Totals","Export","ISO_TOT_EXP_MW",1,19402.34,1
"52","2019-09-15T22:25:00-00:00","2019-09-15T22:30:00-00:00","ALL","2019-09-15",16,6,"RTM","Caiso_Totals","Export","ISO_TOT_EXP_MW",1,19546.52,1
"53","2019-09-15T22:55:00-00:00","2019-09-15T23:00:00-00:00","ALL","2019-09-15",16,12,"RTM","Caiso_Totals","Export","ISO_TOT_EXP_MW",1,19585.97,1
"54","2019-09-16T02:15:00-00:00","2019-09-16T02:20:00-00:00","ALL","2019-09-15",20,4,"RTM","Caiso_Totals","Export","ISO_TOT_EXP_MW",1,22595.89,1
"55","2019-09-16T02:20:00-00:00","2019-09-16T02:25:00-00:00","ALL","2019-09-15",20,5,"RTM","Caiso_Totals","Export","ISO_TOT_EXP_MW",1,22591.21,1
"56","2019-09-16T02:30:00-00:00","2019-09-16T02:35:00-00:00","ALL","2019-09-15",20,7,"RTM","Caiso_Totals","Export","ISO_TOT_EXP_MW",1,22352.68,1
"57","2019-09-16T03:40:00-00:00","2019-09-16T03:45:00-00:00","ALL","2019-09-15",21,9,"RTM","Caiso_Totals","Export","ISO_TOT_EXP_MW",1,20020.81,1
"58","2019-09-16T04:10:00-00:00","2019-09-16T04:15:00-00:00","ALL","2019-09-15",22,3,"RTM","Caiso_Totals","Export","ISO_TOT_EXP_MW",1,19963.03,1
"59","2019-09-16T04:30:00-00:00","2019-09-16T04:35:00-00:00","ALL","2019-09-15",22,7,"RTM","Caiso_Totals","Export","ISO_TOT_EXP_MW",1,19793.29,1
"60","2019-09-16T05:55:00-00:00","2019-09-16T06:00:00-00:00","ALL","2019-09-15",23,12,"RTM","Caiso_Totals","Export","ISO_TOT_EXP_MW",1,18515.39,1
"61","2019-09-16T06:10:00-00:00","2019-09-16T06:15:00-00:00","ALL","2019-09-15",24,3,"RTM","Caiso_Totals","Export","ISO_TOT_EXP_MW",1,18840.47,1
"62","2019-09-15T09:10:00-00:00","2019-09-15T09:15:00-00:00","ALL","2019-09-15",3,3,"RTM","Caiso_Totals","Export","ISO_TOT_EXP_MW",1,17578.77,1
"63","2019-09-15T10:35:00-00:00","2019-09-15T10:40:00-00:00","ALL","2019-09-15",4,8,"RTM","Caiso_Totals","Export","ISO_TOT_EXP_MW",1,17409.14,1
"64","2019-09-15T10:45:00-00:00","2019-09-15T10:50:00-00:00","ALL","2019-09-15",4,10,"RTM","Caiso_Totals","Export","ISO_TOT_EXP_MW",1,17358.15,1
"65","2019-09-15T11:10:00-00:00","2019-09-15T11:15:00-00:00","ALL","2019-09-15",5,3,"RTM","Caiso_Totals","Export","ISO_TOT_EXP_MW",1,17321.37,1
"66","2019-09-15T12:05:00-00:00","2019-09-15T12:10:00-00:00","ALL","2019-09-15",6,2,"RTM","Caiso_Totals","Export","ISO_TOT_EXP_MW",1,17480.58,1
"67","2019-09-15T12:35:00-00:00","2019-09-15T12:40:00-00:00","ALL","2019-09-15",6,8,"RTM","Caiso_Totals","Export","ISO_TOT_EXP_MW",1,17606.33,1
"68","2019-09-15T12:55:00-00:00","2019-09-15T13:00:00-00:00","ALL","2019-09-15",6,12,"RTM","Caiso_Totals","Export","ISO_TOT_EXP_MW",1,17053.37,1
"69","2019-09-15T13:30:00-00:00","2019-09-15T13:35:00-00:00","ALL","2019-09-15",7,7,"RTM","Caiso_Totals","Export","ISO_TOT_EXP_MW",1,16706.04,1
"70","2019-09-15T13:50:00-00:00","2019-09-15T13:55:00-00:00","ALL","2019-09-15",7,11,"RTM","Caiso_Totals","Export","ISO_TOT_EXP_MW",1,16959.16,1
"71","2019-09-15T14:00:00-00:00","2019-09-15T14:05:00-00:00","ALL","2019-09-15",8,1,"RTM","Caiso_Totals","Export","ISO_TOT_EXP_MW",1,16991.89,1
"72","2019-09-15T15:15:00-00:00","2019-09-15T15:20:00-00:00","ALL","2019-09-15",9,4,"RTM","Caiso_Totals","Export","ISO_TOT_EXP_MW",1,17371.09,1
"73","2019-09-15T17:05:00-00:00","2019-09-15T17:10:00-00:00","ALL","2019-09-15",11,2,"RTM","Caiso_Totals","Export","ISO_TOT_EXP_MW",1,18907.59,1
"74","2019-09-15T18:50:00-00:00","2019-09-15T18:55:00-00:00","ALL","2019-09-15",12,11,"RTM","Caiso_Totals","Export","ISO_TOT_EXP_MW",1,17929,1
"75","2019-09-15T19:15:00-00:00","2019-09-15T19:20:00-00:00","ALL","2019-09-15",13,4,"RTM","Caiso_Totals","Export","ISO_TOT_EXP_MW",1,18268.95,1
"76","2019-09-15T20:00:00-00:00","2019-09-15T20:05:00-00:00","ALL","2019-09-15",14,1,"RTM","Caiso_Totals","Export","ISO_TOT_EXP_MW",1,17813.2,1
"77","2019-09-15T20:05:00-00:00","2019-09-15T20:10:00-00:00","ALL","2019-09-15",14,2,"RTM","Caiso_Totals","Export","ISO_TOT_EXP_MW",1,18391.28,1
"78","2019-09-15T20:15:00-00:00","2019-09-15T20:20:00-00:00","ALL","2019-09-15",14,4,"RTM","Caiso_Totals","Export","ISO_TOT_EXP_MW",1,18232.21,1
"79","2019-09-15T21:00:00-00:00","2019-09-15T21:05:00-00:00","ALL","2019-09-15",15,1,"RTM","Caiso_Totals","Export","ISO_TOT_EXP_MW",1,19438.49,1
"80","2019-09-15T21:35:00-00:00","2019-09-15T21:40:00-00:00","ALL","2019-09-15",15,8,"RTM","Caiso_Totals","Export","ISO_TOT_EXP_MW",1,19657.54,1
"81","2019-09-15T21:45:00-00:00","2019-09-15T21:50:00-00:00","ALL","2019-09-15",15,10,"RTM","Caiso_Totals","Export","ISO_TOT_EXP_MW",1,19387.17,1
"82","2019-09-15T22:00:00-00:00","2019-09-15T22:05:00-00:00","ALL","2019-09-15",16,1,"RTM","Caiso_Totals","Export","ISO_TOT_EXP_MW",1,19340.72,1
"83","2019-09-15T23:00:00-00:00","2019-09-15T23:05:00-00:00","ALL","2019-09-15",17,1,"RTM","Caiso_Totals","Export","ISO_TOT_EXP_MW",1,19758.05,1
"84","2019-09-15T23:50:00-00:00","2019-09-15T23:55:00-00:00","ALL","2019-09-15",17,11,"RTM","Caiso_Totals","Export","ISO_TOT_EXP_MW",1,20689.76,1
"85","2019-09-15T23:55:00-00:00","2019-09-16T00:00:00-00:00","ALL","2019-09-15",17,12,"RTM","Caiso_Totals","Export","ISO_TOT_EXP_MW",1,20815.27,1
"86","2019-09-16T00:10:00-00:00","2019-09-16T00:15:00-00:00","ALL","2019-09-15",18,3,"RTM","Caiso_Totals","Export","ISO_TOT_EXP_MW",1,21323.99,1
"87","2019-09-16T01:05:00-00:00","2019-09-16T01:10:00-00:00","ALL","2019-09-15",19,2,"RTM","Caiso_Totals","Export","ISO_TOT_EXP_MW",1,22009.97,1
"88","2019-09-16T01:10:00-00:00","2019-09-16T01:15:00-00:00","ALL","2019-09-15",19,3,"RTM","Caiso_Totals","Export","ISO_TOT_EXP_MW",1,22081.83,1
"89","2019-09-16T01:20:00-00:00","2019-09-16T01:25:00-00:00","ALL","2019-09-15",19,5,"RTM","Caiso_Totals","Export","ISO_TOT_EXP_MW",1,21929.83,1
"90","2019-09-16T02:50:00-00:00","2019-09-16T02:55:00-00:00","ALL","2019-09-15",20,11,"RTM","Caiso_Totals","Export","ISO_TOT_EXP_MW",1,22260.9,1
"91","2019-09-16T03:10:00-00:00","2019-09-16T03:15:00-00:00","ALL","2019-09-15",21,3,"RTM","Caiso_Totals","Export","ISO_TOT_EXP_MW",1,20317.76,1
"92","2019-09-16T03:45:00-00:00","2019-09-16T03:50:00-00:00","ALL","2019-09-15",21,10,"RTM","Caiso_Totals","Export","ISO_TOT_EXP_MW",1,19894.17,1
"93","2019-09-16T04:05:00-00:00","2019-09-16T04:10:00-00:00","ALL","2019-09-15",22,2,"RTM","Caiso_Totals","Export","ISO_TOT_EXP_MW",1,19947.94,1
"94","2019-09-16T04:50:00-00:00","2019-09-16T04:55:00-00:00","ALL","2019-09-15",22,11,"RTM","Caiso_Totals","Export","ISO_TOT_EXP_MW",1,19470.71,1
"95","2019-09-16T05:15:00-00:00","2019-09-16T05:20:00-00:00","ALL","2019-09-15",23,4,"RTM","Caiso_Totals","Export","ISO_TOT_EXP_MW",1,18929.25,1
"96","2019-09-16T05:35:00-00:00","2019-09-16T05:40:00-00:00","ALL","2019-09-15",23,8,"RTM","Caiso_Totals","Export","ISO_TOT_EXP_MW",1,19163.78,1
"97","2019-09-16T05:40:00-00:00","2019-09-16T05:45:00-00:00","ALL","2019-09-15",23,9,"RTM","Caiso_Totals","Export","ISO_TOT_EXP_MW",1,19102.58,1
"98","2019-09-15T08:15:00-00:00","2019-09-15T08:20:00-00:00","ALL","2019-09-15",2,4,"RTM","Caiso_Totals","Export","ISO_TOT_EXP_MW",1,18348.61,1
"99","2019-09-15T08:30:00-00:00","2019-09-15T08:35:00-00:00","ALL","2019-09-15",2,7,"RTM","Caiso_Totals","Export","ISO_TOT_EXP_MW",1,17895.91,1
"100","2019-09-15T08:50:00-00:00","2019-09-15T08:55:00-00:00","ALL","2019-09-15",2,11,"RTM","Caiso_Totals","Export","ISO_TOT_EXP_MW",1,17588.36,1
"101","2019-09-15T09:40:00-00:00","2019-09-15T09:45:00-00:00","ALL","2019-09-15",3,9,"RTM","Caiso_Totals","Export","ISO_TOT_EXP_MW",1,17330.73,1
"102","2019-09-15T09:45:00-00:00","2019-09-15T09:50:00-00:00","ALL","2019-09-15",3,10,"RTM","Caiso_Totals","Export","ISO_TOT_EXP_MW",1,17313.22,1
"103","2019-09-15T09:50:00-00:00","2019-09-15T09:55:00-00:00","ALL","2019-09-15",3,11,"RTM","Caiso_Totals","Export","ISO_TOT_EXP_MW",1,17282.43,1
"104","2019-09-15T10:20:00-00:00","2019-09-15T10:25:00-00:00","ALL","2019-09-15",4,5,"RTM","Caiso_Totals","Export","ISO_TOT_EXP_MW",1,17629.44,1
"105","2019-09-15T10:50:00-00:00","2019-09-15T10:55:00-00:00","ALL","2019-09-15",4,11,"RTM","Caiso_Totals","Export","ISO_TOT_EXP_MW",1,17387.07,1
"106","2019-09-15T11:25:00-00:00","2019-09-15T11:30:00-00:00","ALL","2019-09-15",5,6,"RTM","Caiso_Totals","Export","ISO_TOT_EXP_MW",1,17259.85,1
"107","2019-09-15T11:40:00-00:00","2019-09-15T11:45:00-00:00","ALL","2019-09-15",5,9,"RTM","Caiso_Totals","Export","ISO_TOT_EXP_MW",1,17227.21,1
"108","2019-09-15T12:15:00-00:00","2019-09-15T12:20:00-00:00","ALL","2019-09-15",6,4,"RTM","Caiso_Totals","Export","ISO_TOT_EXP_MW",1,17406.37,1
"109","2019-09-15T13:00:00-00:00","2019-09-15T13:05:00-00:00","ALL","2019-09-15",7,1,"RTM","Caiso_Totals","Export","ISO_TOT_EXP_MW",1,16967.33,1
"110","2019-09-15T13:05:00-00:00","2019-09-15T13:10:00-00:00","ALL","2019-09-15",7,2,"RTM","Caiso_Totals","Export","ISO_TOT_EXP_MW",1,16616.58,1
"111","2019-09-15T14:15:00-00:00","2019-09-15T14:20:00-00:00","ALL","2019-09-15",8,4,"RTM","Caiso_Totals","Export","ISO_TOT_EXP_MW",1,17159.79,1
"112","2019-09-15T14:30:00-00:00","2019-09-15T14:35:00-00:00","ALL","2019-09-15",8,7,"RTM","Caiso_Totals","Export","ISO_TOT_EXP_MW",1,17204.92,1
"113","2019-09-15T15:40:00-00:00","2019-09-15T15:45:00-00:00","ALL","2019-09-15",9,9,"RTM","Caiso_Totals","Export","ISO_TOT_EXP_MW",1,17043.73,1
"114","2019-09-15T16:05:00-00:00","2019-09-15T16:10:00-00:00","ALL","2019-09-15",10,2,"RTM","Caiso_Totals","Export","ISO_TOT_EXP_MW",1,17489.97,1
"115","2019-09-15T17:15:00-00:00","2019-09-15T17:20:00-00:00","ALL","2019-09-15",11,4,"RTM","Caiso_Totals","Export","ISO_TOT_EXP_MW",1,18801.87,1
"116","2019-09-15T19:10:00-00:00","2019-09-15T19:15:00-00:00","ALL","2019-09-15",13,3,"RTM","Caiso_Totals","Export","ISO_TOT_EXP_MW",1,18521.8,1
"117","2019-09-15T19:25:00-00:00","2019-09-15T19:30:00-00:00","ALL","2019-09-15",13,6,"RTM","Caiso_Totals","Export","ISO_TOT_EXP_MW",1,17983.46,1
"118","2019-09-15T19:30:00-00:00","2019-09-15T19:35:00-00:00","ALL","2019-09-15",13,7,"RTM","Caiso_Totals","Export","ISO_TOT_EXP_MW",1,17915.04,1
"119","2019-09-15T19:50:00-00:00","2019-09-15T19:55:00-00:00","ALL","2019-09-15",13,11,"RTM","Caiso_Totals","Export","ISO_TOT_EXP_MW",1,17396.28,1
"120","2019-09-15T19:55:00-00:00","2019-09-15T20:00:00-00:00","ALL","2019-09-15",13,12,"RTM","Caiso_Totals","Export","ISO_TOT_EXP_MW",1,17634.29,1
"121","2019-09-15T20:20:00-00:00","2019-09-15T20:25:00-00:00","ALL","2019-09-15",14,5,"RTM","Caiso_Totals","Export","ISO_TOT_EXP_MW",1,18202.78,1
"122","2019-09-15T21:25:00-00:00","2019-09-15T21:30:00-00:00","ALL","2019-09-15",15,6,"RTM","Caiso_Totals","Export","ISO_TOT_EXP_MW",1,19495.07,1
"123","2019-09-15T23:20:00-00:00","2019-09-15T23:25:00-00:00","ALL","2019-09-15",17,5,"RTM","Caiso_Totals","Export","ISO_TOT_EXP_MW",1,20445.44,1
"124","2019-09-15T23:30:00-00:00","2019-09-15T23:35:00-00:00","ALL","2019-09-15",17,7,"RTM","Caiso_Totals","Export","ISO_TOT_EXP_MW",1,20848.08,1
"125","2019-09-16T00:40:00-00:00","2019-09-16T00:45:00-00:00","ALL","2019-09-15",18,9,"RTM","Caiso_Totals","Export","ISO_TOT_EXP_MW",1,21188.56,1
"126","2019-09-16T00:50:00-00:00","2019-09-16T00:55:00-00:00","ALL","2019-09-15",18,11,"RTM","Caiso_Totals","Export","ISO_TOT_EXP_MW",1,21526.62,1
"127","2019-09-16T01:00:00-00:00","2019-09-16T01:05:00-00:00","ALL","2019-09-15",19,1,"RTM","Caiso_Totals","Export","ISO_TOT_EXP_MW",1,21611.34,1
"128","2019-09-16T01:25:00-00:00","2019-09-16T01:30:00-00:00","ALL","2019-09-15",19,6,"RTM","Caiso_Totals","Export","ISO_TOT_EXP_MW",1,21902.93,1
"129","2019-09-16T01:30:00-00:00","2019-09-16T01:35:00-00:00","ALL","2019-09-15",19,7,"RTM","Caiso_Totals","Export","ISO_TOT_EXP_MW",1,21886.35,1
"130","2019-09-16T02:00:00-00:00","2019-09-16T02:05:00-00:00","ALL","2019-09-15",20,1,"RTM","Caiso_Totals","Export","ISO_TOT_EXP_MW",1,22051.41,1
"131","2019-09-16T03:30:00-00:00","2019-09-16T03:35:00-00:00","ALL","2019-09-15",21,7,"RTM","Caiso_Totals","Export","ISO_TOT_EXP_MW",1,19558,1
"132","2019-09-16T04:45:00-00:00","2019-09-16T04:50:00-00:00","ALL","2019-09-15",22,10,"RTM","Caiso_Totals","Export","ISO_TOT_EXP_MW",1,19803.9,1
"133","2019-09-16T05:05:00-00:00","2019-09-16T05:10:00-00:00","ALL","2019-09-15",23,2,"RTM","Caiso_Totals","Export","ISO_TOT_EXP_MW",1,18696.27,1
"134","2019-09-16T05:20:00-00:00","2019-09-16T05:25:00-00:00","ALL","2019-09-15",23,5,"RTM","Caiso_Totals","Export","ISO_TOT_EXP_MW",1,19054.04,1
"135","2019-09-16T05:25:00-00:00","2019-09-16T05:30:00-00:00","ALL","2019-09-15",23,6,"RTM","Caiso_Totals","Export","ISO_TOT_EXP_MW",1,19094.49,1
"136","2019-09-16T05:50:00-00:00","2019-09-16T05:55:00-00:00","ALL","2019-09-15",23,11,"RTM","Caiso_Totals","Export","ISO_TOT_EXP_MW",1,18526.29,1
"137","2019-09-16T06:55:00-00:00","2019-09-16T07:00:00-00:00","ALL","2019-09-15",24,12,"RTM","Caiso_Totals","Export","ISO_TOT_EXP_MW",1,18294.61,1
"138","2019-09-15T08:05:00-00:00","2019-09-15T08:10:00-00:00","ALL","2019-09-15",2,2,"RTM","Caiso_Totals","Export","ISO_TOT_EXP_MW",1,18072.02,1
"139","2019-09-15T08:45:00-00:00","2019-09-15T08:50:00-00:00","ALL","2019-09-15",2,10,"RTM","Caiso_Totals","Export","ISO_TOT_EXP_MW",1,17639.42,1
"140","2019-09-15T08:55:00-00:00","2019-09-15T09:00:00-00:00","ALL","2019-09-15",2,12,"RTM","Caiso_Totals","Export","ISO_TOT_EXP_MW",1,17582.99,1
"141","2019-09-15T10:05:00-00:00","2019-09-15T10:10:00-00:00","ALL","2019-09-15",4,2,"RTM","Caiso_Totals","Export","ISO_TOT_EXP_MW",1,17646.05,1
"142","2019-09-15T11:55:00-00:00","2019-09-15T12:00:00-00:00","ALL","2019-09-15",5,12,"RTM","Caiso_Totals","Export","ISO_TOT_EXP_MW",1,17437.21,1
"143","2019-09-15T12:00:00-00:00","2019-09-15T12:05:00-00:00","ALL","2019-09-15",6,1,"RTM","Caiso_Totals","Export","ISO_TOT_EXP_MW",1,17435.93,1
"144","2019-09-15T12:20:00-00:00","2019-09-15T12:25:00-00:00","ALL","2019-09-15",6,5,"RTM","Caiso_Totals","Export","ISO_TOT_EXP_MW",1,17423.27,1
"145","2019-09-15T14:25:00-00:00","2019-09-15T14:30:00-00:00","ALL","2019-09-15",8,6,"RTM","Caiso_Totals","Export","ISO_TOT_EXP_MW",1,17065.63,1
"146","2019-09-15T14:55:00-00:00","2019-09-15T15:00:00-00:00","ALL","2019-09-15",8,12,"RTM","Caiso_Totals","Export","ISO_TOT_EXP_MW",1,17041.94,1
"147","2019-09-15T15:30:00-00:00","2019-09-15T15:35:00-00:00","ALL","2019-09-15",9,7,"RTM","Caiso_Totals","Export","ISO_TOT_EXP_MW",1,16915.07,1
"148","2019-09-15T16:20:00-00:00","2019-09-15T16:25:00-00:00","ALL","2019-09-15",10,5,"RTM","Caiso_Totals","Export","ISO_TOT_EXP_MW",1,17511,1
"149","2019-09-15T16:35:00-00:00","2019-09-15T16:40:00-00:00","ALL","2019-09-15",10,8,"RTM","Caiso_Totals","Export","ISO_TOT_EXP_MW",1,17736.22,1
"150","2019-09-15T16:40:00-00:00","2019-09-15T16:45:00-00:00","ALL","2019-09-15",10,9,"RTM","Caiso_Totals","Export","ISO_TOT_EXP_MW",1,17860.22,1
"151","2019-09-15T16:50:00-00:00","2019-09-15T16:55:00-00:00","ALL","2019-09-15",10,11,"RTM","Caiso_Totals","Export","ISO_TOT_EXP_MW",1,17719.74,1
"152","2019-09-15T18:05:00-00:00","2019-09-15T18:10:00-00:00","ALL","2019-09-15",12,2,"RTM","Caiso_Totals","Export","ISO_TOT_EXP_MW",1,18214.84,1
"153","2019-09-15T18:45:00-00:00","2019-09-15T18:50:00-00:00","ALL","2019-09-15",12,10,"RTM","Caiso_Totals","Export","ISO_TOT_EXP_MW",1,18065.94,1
"154","2019-09-15T20:35:00-00:00","2019-09-15T20:40:00-00:00","ALL","2019-09-15",14,8,"RTM","Caiso_Totals","Export","ISO_TOT_EXP_MW",1,18284.03,1
"155","2019-09-15T23:25:00-00:00","2019-09-15T23:30:00-00:00","ALL","2019-09-15",17,6,"RTM","Caiso_Totals","Export","ISO_TOT_EXP_MW",1,20590.22,1
"156","2019-09-16T00:15:00-00:00","2019-09-16T00:20:00-00:00","ALL","2019-09-15",18,4,"RTM","Caiso_Totals","Export","ISO_TOT_EXP_MW",1,21393.01,1
"157","2019-09-16T01:45:00-00:00","2019-09-16T01:50:00-00:00","ALL","2019-09-15",19,10,"RTM","Caiso_Totals","Export","ISO_TOT_EXP_MW",1,20709.54,1
"158","2019-09-16T02:25:00-00:00","2019-09-16T02:30:00-00:00","ALL","2019-09-15",20,6,"RTM","Caiso_Totals","Export","ISO_TOT_EXP_MW",1,22307.29,1
"159","2019-09-16T04:00:00-00:00","2019-09-16T04:05:00-00:00","ALL","2019-09-15",22,1,"RTM","Caiso_Totals","Export","ISO_TOT_EXP_MW",1,19634.65,1
"160","2019-09-16T04:35:00-00:00","2019-09-16T04:40:00-00:00","ALL","2019-09-15",22,8,"RTM","Caiso_Totals","Export","ISO_TOT_EXP_MW",1,19842.23,1
"161","2019-09-16T04:40:00-00:00","2019-09-16T04:45:00-00:00","ALL","2019-09-15",22,9,"RTM","Caiso_Totals","Export","ISO_TOT_EXP_MW",1,19850.22,1
"162","2019-09-16T06:30:00-00:00","2019-09-16T06:35:00-00:00","ALL","2019-09-15",24,7,"RTM","Caiso_Totals","Export","ISO_TOT_EXP_MW",1,18533.07,1
"163","2019-09-15T08:20:00-00:00","2019-09-15T08:25:00-00:00","ALL","2019-09-15",2,5,"RTM","Caiso_Totals","Export","ISO_TOT_EXP_MW",1,18409.55,1
"164","2019-09-15T09:00:00-00:00","2019-09-15T09:05:00-00:00","ALL","2019-09-15",3,1,"RTM","Caiso_Totals","Export","ISO_TOT_EXP_MW",1,17603.7,1
"165","2019-09-15T10:10:00-00:00","2019-09-15T10:15:00-00:00","ALL","2019-09-15",4,3,"RTM","Caiso_Totals","Export","ISO_TOT_EXP_MW",1,17745.15,1
"166","2019-09-15T10:40:00-00:00","2019-09-15T10:45:00-00:00","ALL","2019-09-15",4,9,"RTM","Caiso_Totals","Export","ISO_TOT_EXP_MW",1,17405.97,1
"167","2019-09-15T11:50:00-00:00","2019-09-15T11:55:00-00:00","ALL","2019-09-15",5,11,"RTM","Caiso_Totals","Export","ISO_TOT_EXP_MW",1,17299.6,1
"168","2019-09-15T12:10:00-00:00","2019-09-15T12:15:00-00:00","ALL","2019-09-15",6,3,"RTM","Caiso_Totals","Export","ISO_TOT_EXP_MW",1,17617.13,1
"169","2019-09-15T12:40:00-00:00","2019-09-15T12:45:00-00:00","ALL","2019-09-15",6,9,"RTM","Caiso_Totals","Export","ISO_TOT_EXP_MW",1,17633.31,1
"170","2019-09-15T13:15:00-00:00","2019-09-15T13:20:00-00:00","ALL","2019-09-15",7,4,"RTM","Caiso_Totals","Export","ISO_TOT_EXP_MW",1,16580.39,1
"171","2019-09-15T13:35:00-00:00","2019-09-15T13:40:00-00:00","ALL","2019-09-15",7,8,"RTM","Caiso_Totals","Export","ISO_TOT_EXP_MW",1,16784.93,1
"172","2019-09-15T14:20:00-00:00","2019-09-15T14:25:00-00:00","ALL","2019-09-15",8,5,"RTM","Caiso_Totals","Export","ISO_TOT_EXP_MW",1,17047.11,1
"173","2019-09-15T14:35:00-00:00","2019-09-15T14:40:00-00:00","ALL","2019-09-15",8,8,"RTM","Caiso_Totals","Export","ISO_TOT_EXP_MW",1,17223.03,1
"174","2019-09-15T15:00:00-00:00","2019-09-15T15:05:00-00:00","ALL","2019-09-15",9,1,"RTM","Caiso_Totals","Export","ISO_TOT_EXP_MW",1,17207.02,1
"175","2019-09-15T15:25:00-00:00","2019-09-15T15:30:00-00:00","ALL","2019-09-15",9,6,"RTM","Caiso_Totals","Export","ISO_TOT_EXP_MW",1,17053.49,1
"176","2019-09-15T16:00:00-00:00","2019-09-15T16:05:00-00:00","ALL","2019-09-15",10,1,"RTM","Caiso_Totals","Export","ISO_TOT_EXP_MW",1,17292.34,1
"177","2019-09-15T16:10:00-00:00","2019-09-15T16:15:00-00:00","ALL","2019-09-15",10,3,"RTM","Caiso_Totals","Export","ISO_TOT_EXP_MW",1,17462.89,1
"178","2019-09-15T16:15:00-00:00","2019-09-15T16:20:00-00:00","ALL","2019-09-15",10,4,"RTM","Caiso_Totals","Export","ISO_TOT_EXP_MW",1,17284.66,1
"179","2019-09-15T17:10:00-00:00","2019-09-15T17:15:00-00:00","ALL","2019-09-15",11,3,"RTM","Caiso_Totals","Export","ISO_TOT_EXP_MW",1,19141.93,1
"180","2019-09-15T17:45:00-00:00","2019-09-15T17:50:00-00:00","ALL","2019-09-15",11,10,"RTM","Caiso_Totals","Export","ISO_TOT_EXP_MW",1,18818.32,1
"181","2019-09-15T18:25:00-00:00","2019-09-15T18:30:00-00:00","ALL","2019-09-15",12,6,"RTM","Caiso_Totals","Export","ISO_TOT_EXP_MW",1,18797.73,1
"182","2019-09-15T18:40:00-00:00","2019-09-15T18:45:00-00:00","ALL","2019-09-15",12,9,"RTM","Caiso_Totals","Export","ISO_TOT_EXP_MW",1,18408.85,1
"183","2019-09-15T18:55:00-00:00","2019-09-15T19:00:00-00:00","ALL","2019-09-15",12,12,"RTM","Caiso_Totals","Export","ISO_TOT_EXP_MW",1,17803.07,1
"184","2019-09-15T19:20:00-00:00","2019-09-15T19:25:00-00:00","ALL","2019-09-15",13,5,"RTM","Caiso_Totals","Export","ISO_TOT_EXP_MW",1,18240.31,1
"185","2019-09-15T19:40:00-00:00","2019-09-15T19:45:00-00:00","ALL","2019-09-15",13,9,"RTM","Caiso_Totals","Export","ISO_TOT_EXP_MW",1,17475,1
"186","2019-09-15T21:50:00-00:00","2019-09-15T21:55:00-00:00","ALL","2019-09-15",15,11,"RTM","Caiso_Totals","Export","ISO_TOT_EXP_MW",1,19348.05,1
"187","2019-09-15T23:40:00-00:00","2019-09-15T23:45:00-00:00","ALL","2019-09-15",17,9,"RTM","Caiso_Totals","Export","ISO_TOT_EXP_MW",1,20802.59,1
"188","2019-09-16T00:00:00-00:00","2019-09-16T00:05:00-00:00","ALL","2019-09-15",18,1,"RTM","Caiso_Totals","Export","ISO_TOT_EXP_MW",1,21048.12,1
"189","2019-09-16T00:05:00-00:00","2019-09-16T00:10:00-00:00","ALL","2019-09-15",18,2,"RTM","Caiso_Totals","Export","ISO_TOT_EXP_MW",1,21234.98,1
"190","2019-09-16T00:35:00-00:00","2019-09-16T00:40:00-00:00","ALL","2019-09-15",18,8,"RTM","Caiso_Totals","Export","ISO_TOT_EXP_MW",1,21290.42,1
"191","2019-09-16T02:40:00-00:00","2019-09-16T02:45:00-00:00","ALL","2019-09-15",20,9,"RTM","Caiso_Totals","Export","ISO_TOT_EXP_MW",1,22386.57,1
"192","2019-09-16T02:45:00-00:00","2019-09-16T02:50:00-00:00","ALL","2019-09-15",20,10,"RTM","Caiso_Totals","Export","ISO_TOT_EXP_MW",1,22460.27,1
"193","2019-09-16T02:55:00-00:00","2019-09-16T03:00:00-00:00","ALL","2019-09-15",20,12,"RTM","Caiso_Totals","Export","ISO_TOT_EXP_MW",1,21567,1
"194","2019-09-16T03:05:00-00:00","2019-09-16T03:10:00-00:00","ALL","2019-09-15",21,2,"RTM","Caiso_Totals","Export","ISO_TOT_EXP_MW",1,20602.68,1
"195","2019-09-16T03:50:00-00:00","2019-09-16T03:55:00-00:00","ALL","2019-09-15",21,11,"RTM","Caiso_Totals","Export","ISO_TOT_EXP_MW",1,19710.93,1
"196","2019-09-16T04:15:00-00:00","2019-09-16T04:20:00-00:00","ALL","2019-09-15",22,4,"RTM","Caiso_Totals","Export","ISO_TOT_EXP_MW",1,19960.3,1
"197","2019-09-16T06:05:00-00:00","2019-09-16T06:10:00-00:00","ALL","2019-09-15",24,2,"RTM","Caiso_Totals","Export","ISO_TOT_EXP_MW",1,18728.42,1
"198","2019-09-16T06:35:00-00:00","2019-09-16T06:40:00-00:00","ALL","2019-09-15",24,8,"RTM","Caiso_Totals","Export","ISO_TOT_EXP_MW",1,18340.95,1
"199","2019-09-15T08:10:00-00:00","2019-09-15T08:15:00-00:00","ALL","2019-09-15",2,3,"RTM","Caiso_Totals","Export","ISO_TOT_EXP_MW",1,18087.39,1
"200","2019-09-15T09:05:00-00:00","2019-09-15T09:10:00-00:00","ALL","2019-09-15",3,2,"RTM","Caiso_Totals","Export","ISO_TOT_EXP_MW",1,17565.29,1
"201","2019-09-15T10:00:00-00:00","2019-09-15T10:05:00-00:00","ALL","2019-09-15",4,1,"RTM","Caiso_Totals","Export","ISO_TOT_EXP_MW",1,17558.21,1
"202","2019-09-15T10:15:00-00:00","2019-09-15T10:20:00-00:00","ALL","2019-09-15",4,4,"RTM","Caiso_Totals","Export","ISO_TOT_EXP_MW",1,17663.15,1
"203","2019-09-15T10:55:00-00:00","2019-09-15T11:00:00-00:00","ALL","2019-09-15",4,12,"RTM","Caiso_Totals","Export","ISO_TOT_EXP_MW",1,17354.4,1
"204","2019-09-15T11:00:00-00:00","2019-09-15T11:05:00-00:00","ALL","2019-09-15",5,1,"RTM","Caiso_Totals","Export","ISO_TOT_EXP_MW",1,17245.89,1
"205","2019-09-15T11:05:00-00:00","2019-09-15T11:10:00-00:00","ALL","2019-09-15",5,2,"RTM","Caiso_Totals","Export","ISO_TOT_EXP_MW",1,17311.64,1
"206","2019-09-15T11:20:00-00:00","2019-09-15T11:25:00-00:00","ALL","2019-09-15",5,5,"RTM","Caiso_Totals","Export","ISO_TOT_EXP_MW",1,17266.74,1
"207","2019-09-15T12:30:00-00:00","2019-09-15T12:35:00-00:00","ALL","2019-09-15",6,7,"RTM","Caiso_Totals","Export","ISO_TOT_EXP_MW",1,17552.17,1
"208","2019-09-15T13:40:00-00:00","2019-09-15T13:45:00-00:00","ALL","2019-09-15",7,9,"RTM","Caiso_Totals","Export","ISO_TOT_EXP_MW",1,16846.4,1
"209","2019-09-15T13:45:00-00:00","2019-09-15T13:50:00-00:00","ALL","2019-09-15",7,10,"RTM","Caiso_Totals","Export","ISO_TOT_EXP_MW",1,16974.12,1
"210","2019-09-15T14:05:00-00:00","2019-09-15T14:10:00-00:00","ALL","2019-09-15",8,2,"RTM","Caiso_Totals","Export","ISO_TOT_EXP_MW",1,17215.7,1
"211","2019-09-15T14:50:00-00:00","2019-09-15T14:55:00-00:00","ALL","2019-09-15",8,11,"RTM","Caiso_Totals","Export","ISO_TOT_EXP_MW",1,17162.24,1
"212","2019-09-15T15:45:00-00:00","2019-09-15T15:50:00-00:00","ALL","2019-09-15",9,10,"RTM","Caiso_Totals","Export","ISO_TOT_EXP_MW",1,17306.14,1
"213","2019-09-15T16:25:00-00:00","2019-09-15T16:30:00-00:00","ALL","2019-09-15",10,6,"RTM","Caiso_Totals","Export","ISO_TOT_EXP_MW",1,17423.36,1
"214","2019-09-15T16:30:00-00:00","2019-09-15T16:35:00-00:00","ALL","2019-09-15",10,7,"RTM","Caiso_Totals","Export","ISO_TOT_EXP_MW",1,17711.83,1
"215","2019-09-15T16:45:00-00:00","2019-09-15T16:50:00-00:00","ALL","2019-09-15",10,10,"RTM","Caiso_Totals","Export","ISO_TOT_EXP_MW",1,17911.06,1
"216","2019-09-15T17:35:00-00:00","2019-09-15T17:40:00-00:00","ALL","2019-09-15",11,8,"RTM","Caiso_Totals","Export","ISO_TOT_EXP_MW",1,18895.81,1
"217","2019-09-15T20:25:00-00:00","2019-09-15T20:30:00-00:00","ALL","2019-09-15",14,6,"RTM","Caiso_Totals","Export","ISO_TOT_EXP_MW",1,18154.71,1
"218","2019-09-15T21:40:00-00:00","2019-09-15T21:45:00-00:00","ALL","2019-09-15",15,9,"RTM","Caiso_Totals","Export","ISO_TOT_EXP_MW",1,19542.68,1
"219","2019-09-15T22:15:00-00:00","2019-09-15T22:20:00-00:00","ALL","2019-09-15",16,4,"RTM","Caiso_Totals","Export","ISO_TOT_EXP_MW",1,19510.12,1
"220","2019-09-15T22:30:00-00:00","2019-09-15T22:35:00-00:00","ALL","2019-09-15",16,7,"RTM","Caiso_Totals","Export","ISO_TOT_EXP_MW",1,19431,1
"221","2019-09-15T22:50:00-00:00","2019-09-15T22:55:00-00:00","ALL","2019-09-15",16,11,"RTM","Caiso_Totals","Export","ISO_TOT_EXP_MW",1,19520.7,1
"222","2019-09-15T23:15:00-00:00","2019-09-15T23:20:00-00:00","ALL","2019-09-15",17,4,"RTM","Caiso_Totals","Export","ISO_TOT_EXP_MW",1,20420.89,1
"223","2019-09-15T23:45:00-00:00","2019-09-15T23:50:00-00:00","ALL","2019-09-15",17,10,"RTM","Caiso_Totals","Export","ISO_TOT_EXP_MW",1,20720.53,1
"224","2019-09-16T00:20:00-00:00","2019-09-16T00:25:00-00:00","ALL","2019-09-15",18,5,"RTM","Caiso_Totals","Export","ISO_TOT_EXP_MW",1,21265.23,1
"225","2019-09-16T00:45:00-00:00","2019-09-16T00:50:00-00:00","ALL","2019-09-15",18,10,"RTM","Caiso_Totals","Export","ISO_TOT_EXP_MW",1,21291.37,1
"226","2019-09-16T00:55:00-00:00","2019-09-16T01:00:00-00:00","ALL","2019-09-15",18,12,"RTM","Caiso_Totals","Export","ISO_TOT_EXP_MW",1,21503.11,1
"227","2019-09-16T01:15:00-00:00","2019-09-16T01:20:00-00:00","ALL","2019-09-15",19,4,"RTM","Caiso_Totals","Export","ISO_TOT_EXP_MW",1,21998.38,1
"228","2019-09-16T01:35:00-00:00","2019-09-16T01:40:00-00:00","ALL","2019-09-15",19,8,"RTM","Caiso_Totals","Export","ISO_TOT_EXP_MW",1,21872.83,1
"229","2019-09-16T01:40:00-00:00","2019-09-16T01:45:00-00:00","ALL","2019-09-15",19,9,"RTM","Caiso_Totals","Export","ISO_TOT_EXP_MW",1,21869.16,1
"230","2019-09-16T01:50:00-00:00","2019-09-16T01:55:00-00:00","ALL","2019-09-15",19,11,"RTM","Caiso_Totals","Export","ISO_TOT_EXP_MW",1,21073.51,1
"231","2019-09-16T02:10:00-00:00","2019-09-16T02:15:00-00:00","ALL","2019-09-15",20,3,"RTM","Caiso_Totals","Export","ISO_TOT_EXP_MW",1,22621.03,1
"232","2019-09-16T03:25:00-00:00","2019-09-16T03:30:00-00:00","ALL","2019-09-15",21,6,"RTM","Caiso_Totals","Export","ISO_TOT_EXP_MW",1,19846.62,1
"233","2019-09-16T03:55:00-00:00","2019-09-16T04:00:00-00:00","ALL","2019-09-15",21,12,"RTM","Caiso_Totals","Export","ISO_TOT_EXP_MW",1,19519.21,1
"234","2019-09-16T04:20:00-00:00","2019-09-16T04:25:00-00:00","ALL","2019-09-15",22,5,"RTM","Caiso_Totals","Export","ISO_TOT_EXP_MW",1,19826.81,1
"235","2019-09-16T04:55:00-00:00","2019-09-16T05:00:00-00:00","ALL","2019-09-15",22,12,"RTM","Caiso_Totals","Export","ISO_TOT_EXP_MW",1,19075.16,1
"236","2019-09-16T05:00:00-00:00","2019-09-16T05:05:00-00:00","ALL","2019-09-15",23,1,"RTM","Caiso_Totals","Export","ISO_TOT_EXP_MW",1,18859.58,1
"237","2019-09-16T05:10:00-00:00","2019-09-16T05:15:00-00:00","ALL","2019-09-15",23,3,"RTM","Caiso_Totals","Export","ISO_TOT_EXP_MW",1,18822.48,1
"238","2019-09-16T05:45:00-00:00","2019-09-16T05:50:00-00:00","ALL","2019-09-15",23,10,"RTM","Caiso_Totals","Export","ISO_TOT_EXP_MW",1,18607.76,1
"239","2019-09-16T06:15:00-00:00","2019-09-16T06:20:00-00:00","ALL","2019-09-15",24,4,"RTM","Caiso_Totals","Export","ISO_TOT_EXP_MW",1,18620.86,1
"240","2019-09-16T06:45:00-00:00","2019-09-16T06:50:00-00:00","ALL","2019-09-15",24,10,"RTM","Caiso_Totals","Export","ISO_TOT_EXP_MW",1,18302.52,1
"241","2019-09-16T06:50:00-00:00","2019-09-16T06:55:00-00:00","ALL","2019-09-15",24,11,"RTM","Caiso_Totals","Export","ISO_TOT_EXP_MW",1,18194.83,1
"242","2019-09-15T08:40:00-00:00","2019-09-15T08:45:00-00:00","ALL","2019-09-15",2,9,"RTM","Caiso_Totals","Export","ISO_TOT_EXP_MW",1,17805.08,1
"243","2019-09-15T09:20:00-00:00","2019-09-15T09:25:00-00:00","ALL","2019-09-15",3,5,"RTM","Caiso_Totals","Export","ISO_TOT_EXP_MW",1,17451.41,1
"244","2019-09-15T12:25:00-00:00","2019-09-15T12:30:00-00:00","ALL","2019-09-15",6,6,"RTM","Caiso_Totals","Export","ISO_TOT_EXP_MW",1,17529.33,1
"245","2019-09-15T12:45:00-00:00","2019-09-15T12:50:00-00:00","ALL","2019-09-15",6,10,"RTM","Caiso_Totals","Export","ISO_TOT_EXP_MW",1,17646.63,1
"246","2019-09-15T12:50:00-00:00","2019-09-15T12:55:00-00:00","ALL","2019-09-15",6,11,"RTM","Caiso_Totals","Export","ISO_TOT_EXP_MW",1,17418.38,1
"247","2019-09-15T13:20:00-00:00","2019-09-15T13:25:00-00:00","ALL","2019-09-15",7,5,"RTM","Caiso_Totals","Export","ISO_TOT_EXP_MW",1,16598.79,1
"248","2019-09-15T13:25:00-00:00","2019-09-15T13:30:00-00:00","ALL","2019-09-15",7,6,"RTM","Caiso_Totals","Export","ISO_TOT_EXP_MW",1,16640.72,1
"249","2019-09-15T14:45:00-00:00","2019-09-15T14:50:00-00:00","ALL","2019-09-15",8,10,"RTM","Caiso_Totals","Export","ISO_TOT_EXP_MW",1,17136.71,1
"250","2019-09-15T15:20:00-00:00","2019-09-15T15:25:00-00:00","ALL","2019-09-15",9,5,"RTM","Caiso_Totals","Export","ISO_TOT_EXP_MW",1,17095.21,1
"251","2019-09-15T15:35:00-00:00","2019-09-15T15:40:00-00:00","ALL","2019-09-15",9,8,"RTM","Caiso_Totals","Export","ISO_TOT_EXP_MW",1,16786.26,1
"252","2019-09-15T17:00:00-00:00","2019-09-15T17:05:00-00:00","ALL","2019-09-15",11,1,"RTM","Caiso_Totals","Export","ISO_TOT_EXP_MW",1,18416.06,1
"253","2019-09-15T17:55:00-00:00","2019-09-15T18:00:00-00:00","ALL","2019-09-15",11,12,"RTM","Caiso_Totals","Export","ISO_TOT_EXP_MW",1,18498.78,1
"254","2019-09-15T18:10:00-00:00","2019-09-15T18:15:00-00:00","ALL","2019-09-15",12,3,"RTM","Caiso_Totals","Export","ISO_TOT_EXP_MW",1,18229.52,1
"255","2019-09-15T18:20:00-00:00","2019-09-15T18:25:00-00:00","ALL","2019-09-15",12,5,"RTM","Caiso_Totals","Export","ISO_TOT_EXP_MW",1,18674.25,1
"256","2019-09-15T19:00:00-00:00","2019-09-15T19:05:00-00:00","ALL","2019-09-15",13,1,"RTM","Caiso_Totals","Export","ISO_TOT_EXP_MW",1,17853.4,1
"257","2019-09-15T19:05:00-00:00","2019-09-15T19:10:00-00:00","ALL","2019-09-15",13,2,"RTM","Caiso_Totals","Export","ISO_TOT_EXP_MW",1,18141.48,1
"258","2019-09-15T20:10:00-00:00","2019-09-15T20:15:00-00:00","ALL","2019-09-15",14,3,"RTM","Caiso_Totals","Export","ISO_TOT_EXP_MW",1,18487.69,1
"259","2019-09-15T20:40:00-00:00","2019-09-15T20:45:00-00:00","ALL","2019-09-15",14,9,"RTM","Caiso_Totals","Export","ISO_TOT_EXP_MW",1,18171.37,1
"260","2019-09-15T20:55:00-00:00","2019-09-15T21:00:00-00:00","ALL","2019-09-15",14,12,"RTM","Caiso_Totals","Export","ISO_TOT_EXP_MW",1,19501.23,1
"261","2019-09-15T21:55:00-00:00","2019-09-15T22:00:00-00:00","ALL","2019-09-15",15,12,"RTM","Caiso_Totals","Export","ISO_TOT_EXP_MW",1,19290.22,1
"262","2019-09-15T22:05:00-00:00","2019-09-15T22:10:00-00:00","ALL","2019-09-15",16,2,"RTM","Caiso_Totals","Export","ISO_TOT_EXP_MW",1,19555.84,1
"263","2019-09-15T22:20:00-00:00","2019-09-15T22:25:00-00:00","ALL","2019-09-15",16,5,"RTM","Caiso_Totals","Export","ISO_TOT_EXP_MW",1,19389.28,1
"264","2019-09-15T22:35:00-00:00","2019-09-15T22:40:00-00:00","ALL","2019-09-15",16,8,"RTM","Caiso_Totals","Export","ISO_TOT_EXP_MW",1,19684.46,1
"265","2019-09-15T22:40:00-00:00","2019-09-15T22:45:00-00:00","ALL","2019-09-15",16,9,"RTM","Caiso_Totals","Export","ISO_TOT_EXP_MW",1,19562.62,1
"266","2019-09-15T23:10:00-00:00","2019-09-15T23:15:00-00:00","ALL","2019-09-15",17,3,"RTM","Caiso_Totals","Export","ISO_TOT_EXP_MW",1,20376.22,1
"267","2019-09-16T00:25:00-00:00","2019-09-16T00:30:00-00:00","ALL","2019-09-15",18,6,"RTM","Caiso_Totals","Export","ISO_TOT_EXP_MW",1,21111.2,1
"268","2019-09-16T00:30:00-00:00","2019-09-16T00:35:00-00:00","ALL","2019-09-15",18,7,"RTM","Caiso_Totals","Export","ISO_TOT_EXP_MW",1,21482.51,1
"269","2019-09-16T01:55:00-00:00","2019-09-16T02:00:00-00:00","ALL","2019-09-15",19,12,"RTM","Caiso_Totals","Export","ISO_TOT_EXP_MW",1,21243.63,1
"270","2019-09-16T02:05:00-00:00","2019-09-16T02:10:00-00:00","ALL","2019-09-15",20,2,"RTM","Caiso_Totals","Export","ISO_TOT_EXP_MW",1,22476.67,1
"271","2019-09-16T03:15:00-00:00","2019-09-16T03:20:00-00:00","ALL","2019-09-15",21,4,"RTM","Caiso_Totals","Export","ISO_TOT_EXP_MW",1,20292.78,1
"272","2019-09-16T03:20:00-00:00","2019-09-16T03:25:00-00:00","ALL","2019-09-15",21,5,"RTM","Caiso_Totals","Export","ISO_TOT_EXP_MW",1,20295.74,1
"273","2019-09-16T04:25:00-00:00","2019-09-16T04:30:00-00:00","ALL","2019-09-15",22,6,"RTM","Caiso_Totals","Export","ISO_TOT_EXP_MW",1,19923.95,1
"274","2019-09-16T05:30:00-00:00","2019-09-16T05:35:00-00:00","ALL","2019-09-15",23,7,"RTM","Caiso_Totals","Export","ISO_TOT_EXP_MW",1,19148.29,1
"275","2019-09-16T06:20:00-00:00","2019-09-16T06:25:00-00:00","ALL","2019-09-15",24,5,"RTM","Caiso_Totals","Export","ISO_TOT_EXP_MW",1,18566.93,1
"276","2019-09-16T06:25:00-00:00","2019-09-16T06:30:00-00:00","ALL","2019-09-15",24,6,"RTM","Caiso_Totals","Export","ISO_TOT_EXP_MW",1,18613,1
"277","2019-09-16T07:35:00-00:00","2019-09-16T07:40:00-00:00","ALL","2019-09-16",1,8,"RTM","Caiso_Totals","Export","ISO_TOT_EXP_MW",1,18032.4,2
"278","2019-09-16T07:30:00-00:00","2019-09-16T07:35:00-00:00","ALL","2019-09-16",1,7,"RTM","Caiso_Totals","Export","ISO_TOT_EXP_MW",1,18020.23,2
"279","2019-09-16T07:50:00-00:00","2019-09-16T07:55:00-00:00","ALL","2019-09-16",1,11,"RTM","Caiso_Totals","Export","ISO_TOT_EXP_MW",1,18223.53,2
"280","2019-09-16T07:00:00-00:00","2019-09-16T07:05:00-00:00","ALL","2019-09-16",1,1,"RTM","Caiso_Totals","Export","ISO_TOT_EXP_MW",1,17862.34,2
"281","2019-09-16T07:15:00-00:00","2019-09-16T07:20:00-00:00","ALL","2019-09-16",1,4,"RTM","Caiso_Totals","Export","ISO_TOT_EXP_MW",1,17943.41,2
"282","2019-09-16T07:45:00-00:00","2019-09-16T07:50:00-00:00","ALL","2019-09-16",1,10,"RTM","Caiso_Totals","Export","ISO_TOT_EXP_MW",1,18024,2
"283","2019-09-16T07:05:00-00:00","2019-09-16T07:10:00-00:00","ALL","2019-09-16",1,2,"RTM","Caiso_Totals","Export","ISO_TOT_EXP_MW",1,17961.53,2
"284","2019-09-16T07:20:00-00:00","2019-09-16T07:25:00-00:00","ALL","2019-09-16",1,5,"RTM","Caiso_Totals","Export","ISO_TOT_EXP_MW",1,18008.18,2
"285","2019-09-16T07:55:00-00:00","2019-09-16T08:00:00-00:00","ALL","2019-09-16",1,12,"RTM","Caiso_Totals","Export","ISO_TOT_EXP_MW",1,18150.87,2
"286","2019-09-16T07:10:00-00:00","2019-09-16T07:15:00-00:00","ALL","2019-09-16",1,3,"RTM","Caiso_Totals","Export","ISO_TOT_EXP_MW",1,17857.83,2
"287","2019-09-16T07:40:00-00:00","2019-09-16T07:45:00-00:00","ALL","2019-09-16",1,9,"RTM","Caiso_Totals","Export","ISO_TOT_EXP_MW",1,18048.39,2
"288","2019-09-16T07:25:00-00:00","2019-09-16T07:30:00-00:00","ALL","2019-09-16",1,6,"RTM","Caiso_Totals","Export","ISO_TOT_EXP_MW",1,18011.67,2
