Generator,Day,Hour,Generation,Reg Up,Reg Down
10034_G_GEN1,1,1,0.0,0.0,0.0
10034_G_GEN1,1,2,0.0,0.0,0.0
10034_G_GEN1,1,3,0.0,0.0,0.0
10034_G_GEN1,1,4,0.0,0.0,0.0
10034_G_GEN1,1,5,0.0,0.0,0.0
10034_G_GEN1,1,6,0.0,0.0,0.0
10034_G_GEN1,1,7,0.0,0.0,0.0
10034_G_GEN1,1,8,0.0,0.0,0.0
10034_G_GEN1,1,9,0.0,0.0,0.0
10034_G_GEN1,1,10,0.0,0.0,0.0
10034_G_GEN1,1,11,0.0,0.0,0.0
10034_G_GEN1,1,12,0.0,0.0,0.0
10034_G_GEN1,1,13,0.0,0.0,0.0
10034_G_GEN1,1,14,0.0,0.0,0.0
10034_G_GEN1,1,15,0.0,0.0,0.0
10034_G_GEN1,1,16,0.0,0.0,0.0
10034_G_GEN1,1,17,0.0,0.0,0.0
10034_G_GEN1,1,18,0.0,0.0,0.0
10034_G_GEN1,1,19,0.0,0.0,0.0
10034_G_GEN1,1,20,0.0,0.0,0.0
10034_G_GEN1,1,21,0.0,0.0,0.0
10034_G_GEN1,1,22,0.0,0.0,0.0
10034_G_GEN1,1,23,0.0,0.0,0.0
10034_G_GEN1,1,24,0.0,0.0,0.0
10034_G_GEN1,1,25,0.0,0.0,0.0
10034_G_GEN2,1,1,0.0,0.0,0.0
10034_G_GEN2,1,2,0.0,0.0,0.0
10034_G_GEN2,1,3,0.0,0.0,0.0
10034_G_GEN2,1,4,0.0,0.0,0.0
10034_G_GEN2,1,5,0.0,0.0,0.0
10034_G_GEN2,1,6,0.0,0.0,0.0
10034_G_GEN2,1,7,0.0,0.0,0.0
10034_G_GEN2,1,8,0.0,0.0,0.0
10034_G_GEN2,1,9,0.0,0.0,0.0
10034_G_GEN2,1,10,0.0,0.0,0.0
10034_G_GEN2,1,11,0.0,0.0,0.0
10034_G_GEN2,1,12,0.0,0.0,0.0
10034_G_GEN2,1,13,0.0,0.0,0.0
10034_G_GEN2,1,14,0.0,0.0,0.0
10034_G_GEN2,1,15,0.0,0.0,0.0
10034_G_GEN2,1,16,0.0,0.0,0.0
10034_G_GEN2,1,17,0.0,0.0,0.0
10034_G_GEN2,1,18,0.0,0.0,0.0
10034_G_GEN2,1,19,0.0,0.0,0.0
10034_G_GEN2,1,20,0.0,0.0,0.0
10034_G_GEN2,1,21,0.0,0.0,0.0
10034_G_GEN2,1,22,0.0,0.0,0.0
10034_G_GEN2,1,23,0.0,0.0,0.0
10034_G_GEN2,1,24,0.0,0.0,0.0
10034_G_GEN2,1,25,0.0,0.0,0.0
10052_B_BLR1,1,1,296.6,0.0,0.0
10052_B_BLR1,1,2,296.59999999999775,0.0,0.0
10052_B_BLR1,1,3,296.5999999999955,0.0,0.0
10052_B_BLR1,1,4,296.6,0.0,0.0
10052_B_BLR1,1,5,296.6,0.0,0.0
10052_B_BLR1,1,6,296.6,0.0,0.0
10052_B_BLR1,1,7,296.6,0.0,0.0
10052_B_BLR1,1,8,118.64,0.0,0.0
10052_B_BLR1,1,9,118.63999999999999,0.0,0.0
10052_B_BLR1,1,10,118.64,0.0,0.0
10052_B_BLR1,1,11,118.64,0.0,0.0
10052_B_BLR1,1,12,118.64,0.0,0.0
10052_B_BLR1,1,13,118.63999999999999,0.0,0.0
10052_B_BLR1,1,14,118.63999999999999,0.0,0.0
10052_B_BLR1,1,15,269.4911272618482,0.0,0.0
10052_B_BLR1,1,16,296.6,0.0,0.0
10052_B_BLR1,1,17,296.6,0.0,0.0
10052_B_BLR1,1,18,296.6,0.0,0.0
10052_B_BLR1,1,19,296.6,0.0,0.0
10052_B_BLR1,1,20,296.6,0.0,0.0
10052_B_BLR1,1,21,296.6,0.0,0.0
10052_B_BLR1,1,22,296.6,0.0,0.0
10052_B_BLR1,1,23,296.6,0.0,0.0
10052_B_BLR1,1,24,296.6,0.0,0.0
10052_B_BLR1,1,25,296.6,0.0,0.0
10091_G_G2,1,1,46.0,0.0,0.0
10091_G_G2,1,2,46.0,0.0,0.0
10091_G_G2,1,3,46.0,0.0,0.0
10091_G_G2,1,4,46.0,0.0,0.0
10091_G_G2,1,5,46.0,0.0,0.0
10091_G_G2,1,6,46.0,0.0,0.0
10091_G_G2,1,7,46.0,0.0,0.0
10091_G_G2,1,8,18.4,0.0,0.0
10091_G_G2,1,9,18.4,0.0,0.0
10091_G_G2,1,10,18.4,0.0,0.0
10091_G_G2,1,11,18.4,0.0,0.0
10091_G_G2,1,12,18.4,0.0,0.0
10091_G_G2,1,13,18.4,0.0,0.0
10091_G_G2,1,14,45.99999999999966,0.0,0.0
10091_G_G2,1,15,46.0,0.0,0.0
10091_G_G2,1,16,46.0,0.0,0.0
10091_G_G2,1,17,46.0,0.0,0.0
10091_G_G2,1,18,46.0,0.0,0.0
10091_G_G2,1,19,46.0,0.0,0.0
10091_G_G2,1,20,46.0,0.0,0.0
10091_G_G2,1,21,46.0,0.0,0.0
10091_G_G2,1,22,46.0,0.0,0.0
10091_G_G2,1,23,46.0,0.0,0.0
10091_G_G2,1,24,46.0,0.0,0.0
10091_G_G2,1,25,46.0,0.0,0.0
10091_G_GEN1,1,1,18.6,0.0,0.0
10091_G_GEN1,1,2,18.6,0.0,0.0
10091_G_GEN1,1,3,18.6,0.0,0.0
10091_G_GEN1,1,4,18.6,0.0,0.0
10091_G_GEN1,1,5,18.6,0.0,0.0
10091_G_GEN1,1,6,18.6,0.0,0.0
10091_G_GEN1,1,7,18.6,0.0,0.0
10091_G_GEN1,1,8,7.440000000000001,0.0,0.0
10091_G_GEN1,1,9,7.440000000000001,0.0,0.0
10091_G_GEN1,1,10,7.440000000000001,0.0,0.0
10091_G_GEN1,1,11,7.440000000000001,0.0,0.0
10091_G_GEN1,1,12,7.440000000000001,0.0,0.0
10091_G_GEN1,1,13,7.440000000000001,0.0,0.0
10091_G_GEN1,1,14,7.440000000000001,0.0,0.0
10091_G_GEN1,1,15,7.440000000000001,0.0,0.0
10091_G_GEN1,1,16,18.6,0.0,0.0
10091_G_GEN1,1,17,18.6,0.0,0.0
10091_G_GEN1,1,18,18.6,0.0,0.0
10091_G_GEN1,1,19,18.6,0.0,0.0
10091_G_GEN1,1,20,18.6,0.0,0.0
10091_G_GEN1,1,21,18.6,0.0,0.0
10091_G_GEN1,1,22,18.6,0.0,0.0
10091_G_GEN1,1,23,18.6,0.0,0.0
10091_G_GEN1,1,24,18.6,0.0,0.0
10091_G_GEN1,1,25,18.6,0.0,0.0
10110_G_GEN1,1,1,0.0,0.0,0.0
10110_G_GEN1,1,2,0.0,0.0,0.0
10110_G_GEN1,1,3,0.0,0.0,0.0
10110_G_GEN1,1,4,0.0,0.0,0.0
10110_G_GEN1,1,5,0.0,0.0,0.0
10110_G_GEN1,1,6,0.0,0.0,0.0
10110_G_GEN1,1,7,0.0,0.0,0.0
10110_G_GEN1,1,8,0.0,0.0,0.0
10110_G_GEN1,1,9,0.0,0.0,0.0
10110_G_GEN1,1,10,0.0,0.0,0.0
10110_G_GEN1,1,11,0.0,0.0,0.0
10110_G_GEN1,1,12,0.0,0.0,0.0
10110_G_GEN1,1,13,0.0,0.0,0.0
10110_G_GEN1,1,14,0.0,0.0,0.0
10110_G_GEN1,1,15,0.0,0.0,0.0
10110_G_GEN1,1,16,0.0,0.0,0.0
10110_G_GEN1,1,17,0.0,0.0,0.0
10110_G_GEN1,1,18,0.0,0.0,0.0
10110_G_GEN1,1,19,0.0,0.0,0.0
10110_G_GEN1,1,20,0.0,0.0,0.0
10110_G_GEN1,1,21,0.0,0.0,0.0
10110_G_GEN1,1,22,0.0,0.0,0.0
10110_G_GEN1,1,23,0.0,0.0,0.0
10110_G_GEN1,1,24,0.0,0.0,0.0
10110_G_GEN1,1,25,0.0,0.0,0.0
10144_B_BLR3,1,1,26.5,0.0,0.0
10144_B_BLR3,1,2,26.5,0.0,0.0
10144_B_BLR3,1,3,26.5,0.0,0.0
10144_B_BLR3,1,4,26.5,0.0,0.0
10144_B_BLR3,1,5,26.5,0.0,0.0
10144_B_BLR3,1,6,26.5,0.0,0.0
10144_B_BLR3,1,7,26.5,0.0,0.0
10144_B_BLR3,1,8,10.6,0.0,0.0
10144_B_BLR3,1,9,10.6,0.0,0.0
10144_B_BLR3,1,10,10.6,0.0,0.0
10144_B_BLR3,1,11,10.6,0.0,0.0
10144_B_BLR3,1,12,10.6,0.0,0.0
10144_B_BLR3,1,13,10.6,0.0,0.0
10144_B_BLR3,1,14,10.6,0.0,0.0
10144_B_BLR3,1,15,26.5,0.0,0.0
10144_B_BLR3,1,16,26.5,0.0,0.0
10144_B_BLR3,1,17,26.5,0.0,0.0
10144_B_BLR3,1,18,26.5,0.0,0.0
10144_B_BLR3,1,19,26.5,0.0,0.0
10144_B_BLR3,1,20,26.5,0.0,0.0
10144_B_BLR3,1,21,26.5,0.0,0.0
10144_B_BLR3,1,22,26.5,0.0,0.0
10144_B_BLR3,1,23,26.5,0.0,0.0
10144_B_BLR3,1,24,26.5,0.0,0.0
10144_B_BLR3,1,25,26.5,0.0,0.0
10156_G_GEN2,1,1,0.0,0.0,0.0
10156_G_GEN2,1,2,0.0,0.0,0.0
10156_G_GEN2,1,3,0.0,0.0,0.0
10156_G_GEN2,1,4,0.0,0.0,0.0
10156_G_GEN2,1,5,0.0,0.0,0.0
10156_G_GEN2,1,6,0.0,0.0,0.0
10156_G_GEN2,1,7,0.0,0.0,0.0
10156_G_GEN2,1,8,0.0,0.0,0.0
10156_G_GEN2,1,9,0.0,0.0,0.0
10156_G_GEN2,1,10,0.0,0.0,0.0
10156_G_GEN2,1,11,0.0,0.0,0.0
10156_G_GEN2,1,12,0.0,0.0,0.0
10156_G_GEN2,1,13,0.0,0.0,0.0
10156_G_GEN2,1,14,0.0,0.0,0.0
10156_G_GEN2,1,15,0.0,0.0,0.0
10156_G_GEN2,1,16,0.0,0.0,0.0
10156_G_GEN2,1,17,0.0,0.0,0.0
10156_G_GEN2,1,18,0.0,0.0,0.0
10156_G_GEN2,1,19,0.0,0.0,0.0
10156_G_GEN2,1,20,0.0,0.0,0.0
10156_G_GEN2,1,21,0.0,0.0,0.0
10156_G_GEN2,1,22,0.0,0.0,0.0
10156_G_GEN2,1,23,0.0,0.0,0.0
10156_G_GEN2,1,24,0.0,0.0,0.0
10156_G_GEN2,1,25,0.0,0.0,0.0
10156_G_GEN3,1,1,0.0,0.0,0.0
10156_G_GEN3,1,2,0.0,0.0,0.0
10156_G_GEN3,1,3,0.0,0.0,0.0
10156_G_GEN3,1,4,0.0,0.0,0.0
10156_G_GEN3,1,5,0.0,0.0,0.0
10156_G_GEN3,1,6,0.0,0.0,0.0
10156_G_GEN3,1,7,0.0,0.0,0.0
10156_G_GEN3,1,8,0.0,0.0,0.0
10156_G_GEN3,1,9,0.0,0.0,0.0
10156_G_GEN3,1,10,0.0,0.0,0.0
10156_G_GEN3,1,11,0.0,0.0,0.0
10156_G_GEN3,1,12,0.0,0.0,0.0
10156_G_GEN3,1,13,0.0,0.0,0.0
10156_G_GEN3,1,14,0.0,0.0,0.0
10156_G_GEN3,1,15,0.0,0.0,0.0
10156_G_GEN3,1,16,0.0,0.0,0.0
10156_G_GEN3,1,17,0.0,0.0,0.0
10156_G_GEN3,1,18,0.0,0.0,0.0
10156_G_GEN3,1,19,0.0,0.0,0.0
10156_G_GEN3,1,20,0.0,0.0,0.0
10156_G_GEN3,1,21,0.0,0.0,0.0
10156_G_GEN3,1,22,0.0,0.0,0.0
10156_G_GEN3,1,23,0.0,0.0,0.0
10156_G_GEN3,1,24,0.0,0.0,0.0
10156_G_GEN3,1,25,0.0,0.0,0.0
10156_G_GEN4,1,1,0.0,0.0,0.0
10156_G_GEN4,1,2,0.0,0.0,0.0
10156_G_GEN4,1,3,0.0,0.0,0.0
10156_G_GEN4,1,4,0.0,0.0,0.0
10156_G_GEN4,1,5,0.0,0.0,0.0
10156_G_GEN4,1,6,0.0,0.0,0.0
10156_G_GEN4,1,7,0.0,0.0,0.0
10156_G_GEN4,1,8,0.0,0.0,0.0
10156_G_GEN4,1,9,0.0,0.0,0.0
10156_G_GEN4,1,10,0.0,0.0,0.0
10156_G_GEN4,1,11,0.0,0.0,0.0
10156_G_GEN4,1,12,0.0,0.0,0.0
10156_G_GEN4,1,13,0.0,0.0,0.0
10156_G_GEN4,1,14,0.0,0.0,0.0
10156_G_GEN4,1,15,0.0,0.0,0.0
10156_G_GEN4,1,16,0.0,0.0,0.0
10156_G_GEN4,1,17,0.0,0.0,0.0
10156_G_GEN4,1,18,0.0,0.0,0.0
10156_G_GEN4,1,19,0.0,0.0,0.0
10156_G_GEN4,1,20,0.0,0.0,0.0
10156_G_GEN4,1,21,0.0,0.0,0.0
10156_G_GEN4,1,22,0.0,0.0,0.0
10156_G_GEN4,1,23,0.0,0.0,0.0
10156_G_GEN4,1,24,0.0,0.0,0.0
10156_G_GEN4,1,25,0.0,0.0,0.0
10169_G_GEN1,1,1,0.0,0.0,0.0
10169_G_GEN1,1,2,0.0,0.0,0.0
10169_G_GEN1,1,3,0.0,0.0,0.0
10169_G_GEN1,1,4,0.0,0.0,0.0
10169_G_GEN1,1,5,0.0,0.0,0.0
10169_G_GEN1,1,6,0.0,0.0,0.0
10169_G_GEN1,1,7,0.0,0.0,0.0
10169_G_GEN1,1,8,0.0,0.0,0.0
10169_G_GEN1,1,9,0.0,0.0,0.0
10169_G_GEN1,1,10,0.0,0.0,0.0
10169_G_GEN1,1,11,0.0,0.0,0.0
10169_G_GEN1,1,12,0.0,0.0,0.0
10169_G_GEN1,1,13,0.0,0.0,0.0
10169_G_GEN1,1,14,0.0,0.0,0.0
10169_G_GEN1,1,15,0.0,0.0,0.0
10169_G_GEN1,1,16,0.0,0.0,0.0
10169_G_GEN1,1,17,0.0,0.0,0.0
10169_G_GEN1,1,18,0.0,0.0,0.0
10169_G_GEN1,1,19,0.0,0.0,0.0
10169_G_GEN1,1,20,0.0,0.0,0.0
10169_G_GEN1,1,21,0.0,0.0,0.0
10169_G_GEN1,1,22,0.0,0.0,0.0
10169_G_GEN1,1,23,0.0,0.0,0.0
10169_G_GEN1,1,24,0.0,0.0,0.0
10169_G_GEN1,1,25,0.0,0.0,0.0
10169_G_GEN2,1,1,0.0,0.0,0.0
10169_G_GEN2,1,2,0.0,0.0,0.0
10169_G_GEN2,1,3,0.0,0.0,0.0
10169_G_GEN2,1,4,0.0,0.0,0.0
10169_G_GEN2,1,5,0.0,0.0,0.0
10169_G_GEN2,1,6,0.0,0.0,0.0
10169_G_GEN2,1,7,0.0,0.0,0.0
10169_G_GEN2,1,8,0.0,0.0,0.0
10169_G_GEN2,1,9,0.0,0.0,0.0
10169_G_GEN2,1,10,0.0,0.0,0.0
10169_G_GEN2,1,11,0.0,0.0,0.0
10169_G_GEN2,1,12,0.0,0.0,0.0
10169_G_GEN2,1,13,0.0,0.0,0.0
10169_G_GEN2,1,14,0.0,0.0,0.0
10169_G_GEN2,1,15,0.0,0.0,0.0
10169_G_GEN2,1,16,0.0,0.0,0.0
10169_G_GEN2,1,17,0.0,0.0,0.0
10169_G_GEN2,1,18,0.0,0.0,0.0
10169_G_GEN2,1,19,0.0,0.0,0.0
10169_G_GEN2,1,20,0.0,0.0,0.0
10169_G_GEN2,1,21,0.0,0.0,0.0
10169_G_GEN2,1,22,0.0,0.0,0.0
10169_G_GEN2,1,23,0.0,0.0,0.0
10169_G_GEN2,1,24,0.0,0.0,0.0
10169_G_GEN2,1,25,0.0,0.0,0.0
10175_G_0799,1,1,0.0,0.0,0.0
10175_G_0799,1,2,0.0,0.0,0.0
10175_G_0799,1,3,0.0,0.0,0.0
10175_G_0799,1,4,0.0,0.0,0.0
10175_G_0799,1,5,0.0,0.0,0.0
10175_G_0799,1,6,0.0,0.0,0.0
10175_G_0799,1,7,0.0,0.0,0.0
10175_G_0799,1,8,0.0,0.0,0.0
10175_G_0799,1,9,0.0,0.0,0.0
10175_G_0799,1,10,0.0,0.0,0.0
10175_G_0799,1,11,0.0,0.0,0.0
10175_G_0799,1,12,0.0,0.0,0.0
10175_G_0799,1,13,0.0,0.0,0.0
10175_G_0799,1,14,0.0,0.0,0.0
10175_G_0799,1,15,0.0,0.0,0.0
10175_G_0799,1,16,0.0,0.0,0.0
10175_G_0799,1,17,0.0,0.0,0.0
10175_G_0799,1,18,0.0,0.0,0.0
10175_G_0799,1,19,0.0,0.0,0.0
10175_G_0799,1,20,0.0,0.0,0.0
10175_G_0799,1,21,0.0,0.0,0.0
10175_G_0799,1,22,0.0,0.0,0.0
10175_G_0799,1,23,0.0,0.0,0.0
10175_G_0799,1,24,0.0,0.0,0.0
10175_G_0799,1,25,0.0,0.0,0.0
10175_G_5083,1,1,0.0,0.0,0.0
10175_G_5083,1,2,0.0,0.0,0.0
10175_G_5083,1,3,0.0,0.0,0.0
10175_G_5083,1,4,0.0,0.0,0.0
10175_G_5083,1,5,0.0,0.0,0.0
10175_G_5083,1,6,0.0,0.0,0.0
10175_G_5083,1,7,0.0,0.0,0.0
10175_G_5083,1,8,0.0,0.0,0.0
10175_G_5083,1,9,0.0,0.0,0.0
10175_G_5083,1,10,0.0,0.0,0.0
10175_G_5083,1,11,0.0,0.0,0.0
10175_G_5083,1,12,0.0,0.0,0.0
10175_G_5083,1,13,0.0,0.0,0.0
10175_G_5083,1,14,0.0,0.0,0.0
10175_G_5083,1,15,0.0,0.0,0.0
10175_G_5083,1,16,0.0,0.0,0.0
10175_G_5083,1,17,0.0,0.0,0.0
10175_G_5083,1,18,0.0,0.0,0.0
10175_G_5083,1,19,0.0,0.0,0.0
10175_G_5083,1,20,0.0,0.0,0.0
10175_G_5083,1,21,0.0,0.0,0.0
10175_G_5083,1,22,0.0,0.0,0.0
10175_G_5083,1,23,0.0,0.0,0.0
10175_G_5083,1,24,0.0,0.0,0.0
10175_G_5083,1,25,0.0,0.0,0.0
10213_G_GEN1,1,1,0.0,0.0,0.0
10213_G_GEN1,1,2,0.0,0.0,0.0
10213_G_GEN1,1,3,0.0,0.0,0.0
10213_G_GEN1,1,4,0.0,0.0,0.0
10213_G_GEN1,1,5,0.0,0.0,0.0
10213_G_GEN1,1,6,0.0,0.0,0.0
10213_G_GEN1,1,7,0.0,0.0,0.0
10213_G_GEN1,1,8,0.0,0.0,0.0
10213_G_GEN1,1,9,0.0,0.0,0.0
10213_G_GEN1,1,10,0.0,0.0,0.0
10213_G_GEN1,1,11,0.0,0.0,0.0
10213_G_GEN1,1,12,0.0,0.0,0.0
10213_G_GEN1,1,13,0.0,0.0,0.0
10213_G_GEN1,1,14,0.0,0.0,0.0
10213_G_GEN1,1,15,0.0,0.0,0.0
10213_G_GEN1,1,16,0.0,0.0,0.0
10213_G_GEN1,1,17,0.0,0.0,0.0
10213_G_GEN1,1,18,0.0,0.0,0.0
10213_G_GEN1,1,19,0.0,0.0,0.0
10213_G_GEN1,1,20,0.0,0.0,0.0
10213_G_GEN1,1,21,0.0,0.0,0.0
10213_G_GEN1,1,22,0.0,0.0,0.0
10213_G_GEN1,1,23,0.0,0.0,0.0
10213_G_GEN1,1,24,0.0,0.0,0.0
10213_G_GEN1,1,25,0.0,0.0,0.0
10213_G_GEN2,1,1,0.0,0.0,0.0
10213_G_GEN2,1,2,0.0,0.0,0.0
10213_G_GEN2,1,3,0.0,0.0,0.0
10213_G_GEN2,1,4,0.0,0.0,0.0
10213_G_GEN2,1,5,0.0,0.0,0.0
10213_G_GEN2,1,6,0.0,0.0,0.0
10213_G_GEN2,1,7,0.0,0.0,0.0
10213_G_GEN2,1,8,0.0,0.0,0.0
10213_G_GEN2,1,9,0.0,0.0,0.0
10213_G_GEN2,1,10,0.0,0.0,0.0
10213_G_GEN2,1,11,0.0,0.0,0.0
10213_G_GEN2,1,12,0.0,0.0,0.0
10213_G_GEN2,1,13,0.0,0.0,0.0
10213_G_GEN2,1,14,0.0,0.0,0.0
10213_G_GEN2,1,15,0.0,0.0,0.0
10213_G_GEN2,1,16,0.0,0.0,0.0
10213_G_GEN2,1,17,0.0,0.0,0.0
10213_G_GEN2,1,18,0.0,0.0,0.0
10213_G_GEN2,1,19,0.0,0.0,0.0
10213_G_GEN2,1,20,0.0,0.0,0.0
10213_G_GEN2,1,21,0.0,0.0,0.0
10213_G_GEN2,1,22,0.0,0.0,0.0
10213_G_GEN2,1,23,0.0,0.0,0.0
10213_G_GEN2,1,24,0.0,0.0,0.0
10213_G_GEN2,1,25,0.0,0.0,0.0
10213_G_GEN5,1,1,0.0,0.0,0.0
10213_G_GEN5,1,2,0.0,0.0,0.0
10213_G_GEN5,1,3,0.0,0.0,0.0
10213_G_GEN5,1,4,0.0,0.0,0.0
10213_G_GEN5,1,5,0.0,0.0,0.0
10213_G_GEN5,1,6,0.0,0.0,0.0
10213_G_GEN5,1,7,0.0,0.0,0.0
10213_G_GEN5,1,8,0.0,0.0,0.0
10213_G_GEN5,1,9,0.0,0.0,0.0
10213_G_GEN5,1,10,0.0,0.0,0.0
10213_G_GEN5,1,11,0.0,0.0,0.0
10213_G_GEN5,1,12,0.0,0.0,0.0
10213_G_GEN5,1,13,0.0,0.0,0.0
10213_G_GEN5,1,14,0.0,0.0,0.0
10213_G_GEN5,1,15,0.0,0.0,0.0
10213_G_GEN5,1,16,0.0,0.0,0.0
10213_G_GEN5,1,17,0.0,0.0,0.0
10213_G_GEN5,1,18,0.0,0.0,0.0
10213_G_GEN5,1,19,0.0,0.0,0.0
10213_G_GEN5,1,20,0.0,0.0,0.0
10213_G_GEN5,1,21,0.0,0.0,0.0
10213_G_GEN5,1,22,0.0,0.0,0.0
10213_G_GEN5,1,23,0.0,0.0,0.0
10213_G_GEN5,1,24,0.0,0.0,0.0
10213_G_GEN5,1,25,0.0,0.0,0.0
10213_G_GEN6,1,1,0.0,0.0,0.0
10213_G_GEN6,1,2,0.0,0.0,0.0
10213_G_GEN6,1,3,0.0,0.0,0.0
10213_G_GEN6,1,4,0.0,0.0,0.0
10213_G_GEN6,1,5,0.0,0.0,0.0
10213_G_GEN6,1,6,0.0,0.0,0.0
10213_G_GEN6,1,7,0.0,0.0,0.0
10213_G_GEN6,1,8,0.0,0.0,0.0
10213_G_GEN6,1,9,0.0,0.0,0.0
10213_G_GEN6,1,10,0.0,0.0,0.0
10213_G_GEN6,1,11,0.0,0.0,0.0
10213_G_GEN6,1,12,0.0,0.0,0.0
10213_G_GEN6,1,13,0.0,0.0,0.0
10213_G_GEN6,1,14,0.0,0.0,0.0
10213_G_GEN6,1,15,0.0,0.0,0.0
10213_G_GEN6,1,16,0.0,0.0,0.0
10213_G_GEN6,1,17,0.0,0.0,0.0
10213_G_GEN6,1,18,0.0,0.0,0.0
10213_G_GEN6,1,19,0.0,0.0,0.0
10213_G_GEN6,1,20,0.0,0.0,0.0
10213_G_GEN6,1,21,0.0,0.0,0.0
10213_G_GEN6,1,22,0.0,0.0,0.0
10213_G_GEN6,1,23,0.0,0.0,0.0
10213_G_GEN6,1,24,0.0,0.0,0.0
10213_G_GEN6,1,25,0.0,0.0,0.0
10213_G_GEN7,1,1,0.0,0.0,0.0
10213_G_GEN7,1,2,0.0,0.0,0.0
10213_G_GEN7,1,3,0.0,0.0,0.0
10213_G_GEN7,1,4,0.0,0.0,0.0
10213_G_GEN7,1,5,0.0,0.0,0.0
10213_G_GEN7,1,6,0.0,0.0,0.0
10213_G_GEN7,1,7,0.0,0.0,0.0
10213_G_GEN7,1,8,0.0,0.0,0.0
10213_G_GEN7,1,9,0.0,0.0,0.0
10213_G_GEN7,1,10,0.0,0.0,0.0
10213_G_GEN7,1,11,0.0,0.0,0.0
10213_G_GEN7,1,12,0.0,0.0,0.0
10213_G_GEN7,1,13,0.0,0.0,0.0
10213_G_GEN7,1,14,0.0,0.0,0.0
10213_G_GEN7,1,15,0.0,0.0,0.0
10213_G_GEN7,1,16,0.0,0.0,0.0
10213_G_GEN7,1,17,0.0,0.0,0.0
10213_G_GEN7,1,18,0.0,0.0,0.0
10213_G_GEN7,1,19,0.0,0.0,0.0
10213_G_GEN7,1,20,0.0,0.0,0.0
10213_G_GEN7,1,21,0.0,0.0,0.0
10213_G_GEN7,1,22,0.0,0.0,0.0
10213_G_GEN7,1,23,0.0,0.0,0.0
10213_G_GEN7,1,24,0.0,0.0,0.0
10213_G_GEN7,1,25,0.0,0.0,0.0
10213_G_GEN8,1,1,0.0,0.0,0.0
10213_G_GEN8,1,2,0.0,0.0,0.0
10213_G_GEN8,1,3,0.0,0.0,0.0
10213_G_GEN8,1,4,0.0,0.0,0.0
10213_G_GEN8,1,5,0.0,0.0,0.0
10213_G_GEN8,1,6,0.0,0.0,0.0
10213_G_GEN8,1,7,0.0,0.0,0.0
10213_G_GEN8,1,8,0.0,0.0,0.0
10213_G_GEN8,1,9,0.0,0.0,0.0
10213_G_GEN8,1,10,0.0,0.0,0.0
10213_G_GEN8,1,11,0.0,0.0,0.0
10213_G_GEN8,1,12,0.0,0.0,0.0
10213_G_GEN8,1,13,0.0,0.0,0.0
10213_G_GEN8,1,14,0.0,0.0,0.0
10213_G_GEN8,1,15,0.0,0.0,0.0
10213_G_GEN8,1,16,0.0,0.0,0.0
10213_G_GEN8,1,17,0.0,0.0,0.0
10213_G_GEN8,1,18,0.0,0.0,0.0
10213_G_GEN8,1,19,0.0,0.0,0.0
10213_G_GEN8,1,20,2.08,3.119999999999659,0.0
10213_G_GEN8,1,21,2.08,0.0,0.0
10213_G_GEN8,1,22,2.08,0.0,0.0
10213_G_GEN8,1,23,0.0,0.0,0.0
10213_G_GEN8,1,24,0.0,0.0,0.0
10213_G_GEN8,1,25,0.0,0.0,0.0
10294_G_GTG,1,1,0.0,0.0,0.0
10294_G_GTG,1,2,0.0,0.0,0.0
10294_G_GTG,1,3,0.0,0.0,0.0
10294_G_GTG,1,4,0.0,0.0,0.0
10294_G_GTG,1,5,0.0,0.0,0.0
10294_G_GTG,1,6,0.0,0.0,0.0
10294_G_GTG,1,7,0.0,0.0,0.0
10294_G_GTG,1,8,0.0,0.0,0.0
10294_G_GTG,1,9,0.0,0.0,0.0
10294_G_GTG,1,10,0.0,0.0,0.0
10294_G_GTG,1,11,0.0,0.0,0.0
10294_G_GTG,1,12,0.0,0.0,0.0
10294_G_GTG,1,13,0.0,0.0,0.0
10294_G_GTG,1,14,0.0,0.0,0.0
10294_G_GTG,1,15,0.0,0.0,0.0
10294_G_GTG,1,16,0.0,0.0,0.0
10294_G_GTG,1,17,0.0,0.0,0.0
10294_G_GTG,1,18,0.0,0.0,0.0
10294_G_GTG,1,19,0.0,0.0,0.0
10294_G_GTG,1,20,0.0,0.0,0.0
10294_G_GTG,1,21,0.0,0.0,0.0
10294_G_GTG,1,22,0.0,0.0,0.0
10294_G_GTG,1,23,0.0,0.0,0.0
10294_G_GTG,1,24,0.0,0.0,0.0
10294_G_GTG,1,25,0.0,0.0,0.0
10294_G_STG,1,1,0.0,0.0,0.0
10294_G_STG,1,2,0.0,0.0,0.0
10294_G_STG,1,3,0.0,0.0,0.0
10294_G_STG,1,4,0.0,0.0,0.0
10294_G_STG,1,5,0.0,0.0,0.0
10294_G_STG,1,6,0.0,0.0,0.0
10294_G_STG,1,7,0.0,0.0,0.0
10294_G_STG,1,8,0.0,0.0,0.0
10294_G_STG,1,9,0.0,0.0,0.0
10294_G_STG,1,10,0.0,0.0,0.0
10294_G_STG,1,11,0.0,0.0,0.0
10294_G_STG,1,12,0.0,0.0,0.0
10294_G_STG,1,13,0.0,0.0,0.0
10294_G_STG,1,14,0.0,0.0,0.0
10294_G_STG,1,15,0.0,0.0,0.0
10294_G_STG,1,16,0.0,0.0,0.0
10294_G_STG,1,17,0.0,0.0,0.0
10294_G_STG,1,18,0.0,0.0,0.0
10294_G_STG,1,19,0.0,0.0,0.0
10294_G_STG,1,20,0.0,0.0,0.0
10294_G_STG,1,21,0.0,0.0,0.0
10294_G_STG,1,22,0.0,0.0,0.0
10294_G_STG,1,23,0.0,0.0,0.0
10294_G_STG,1,24,0.0,0.0,0.0
10294_G_STG,1,25,0.0,0.0,0.0
10342_G_TG1,1,1,0.0,0.0,0.0
10342_G_TG1,1,2,0.0,0.0,0.0
10342_G_TG1,1,3,0.0,0.0,0.0
10342_G_TG1,1,4,0.0,0.0,0.0
10342_G_TG1,1,5,0.0,0.0,0.0
10342_G_TG1,1,6,0.0,0.0,0.0
10342_G_TG1,1,7,0.0,0.0,0.0
10342_G_TG1,1,8,0.0,0.0,0.0
10342_G_TG1,1,9,0.0,0.0,0.0
10342_G_TG1,1,10,0.0,0.0,0.0
10342_G_TG1,1,11,0.0,0.0,0.0
10342_G_TG1,1,12,0.0,0.0,0.0
10342_G_TG1,1,13,0.0,0.0,0.0
10342_G_TG1,1,14,0.0,0.0,0.0
10342_G_TG1,1,15,0.0,0.0,0.0
10342_G_TG1,1,16,0.0,0.0,0.0
10342_G_TG1,1,17,0.0,0.0,0.0
10342_G_TG1,1,18,0.0,0.0,0.0
10342_G_TG1,1,19,0.0,0.0,0.0
10342_G_TG1,1,20,0.0,0.0,0.0
10342_G_TG1,1,21,0.0,0.0,0.0
10342_G_TG1,1,22,0.0,0.0,0.0
10342_G_TG1,1,23,0.0,0.0,0.0
10342_G_TG1,1,24,0.0,0.0,0.0
10342_G_TG1,1,25,0.0,0.0,0.0
10342_G_TG2,1,1,0.0,0.0,0.0
10342_G_TG2,1,2,0.0,0.0,0.0
10342_G_TG2,1,3,0.0,0.0,0.0
10342_G_TG2,1,4,0.0,0.0,0.0
10342_G_TG2,1,5,0.0,0.0,0.0
10342_G_TG2,1,6,0.0,0.0,0.0
10342_G_TG2,1,7,0.0,0.0,0.0
10342_G_TG2,1,8,0.0,0.0,0.0
10342_G_TG2,1,9,0.0,0.0,0.0
10342_G_TG2,1,10,0.0,0.0,0.0
10342_G_TG2,1,11,0.0,0.0,0.0
10342_G_TG2,1,12,0.0,0.0,0.0
10342_G_TG2,1,13,0.0,0.0,0.0
10342_G_TG2,1,14,0.0,0.0,0.0
10342_G_TG2,1,15,0.0,0.0,0.0
10342_G_TG2,1,16,0.0,0.0,0.0
10342_G_TG2,1,17,0.0,0.0,0.0
10342_G_TG2,1,18,0.0,0.0,0.0
10342_G_TG2,1,19,0.0,0.0,0.0
10342_G_TG2,1,20,0.0,0.0,0.0
10342_G_TG2,1,21,0.0,0.0,0.0
10342_G_TG2,1,22,0.0,0.0,0.0
10342_G_TG2,1,23,0.0,0.0,0.0
10342_G_TG2,1,24,0.0,0.0,0.0
10342_G_TG2,1,25,0.0,0.0,0.0
10342_G_TG3,1,1,0.0,0.0,0.0
10342_G_TG3,1,2,0.0,0.0,0.0
10342_G_TG3,1,3,0.0,0.0,0.0
10342_G_TG3,1,4,0.0,0.0,0.0
10342_G_TG3,1,5,0.0,0.0,0.0
10342_G_TG3,1,6,0.0,0.0,0.0
10342_G_TG3,1,7,0.0,0.0,0.0
10342_G_TG3,1,8,0.0,0.0,0.0
10342_G_TG3,1,9,0.0,0.0,0.0
10342_G_TG3,1,10,0.0,0.0,0.0
10342_G_TG3,1,11,0.0,0.0,0.0
10342_G_TG3,1,12,0.0,0.0,0.0
10342_G_TG3,1,13,0.0,0.0,0.0
10342_G_TG3,1,14,0.0,0.0,0.0
10342_G_TG3,1,15,0.0,0.0,0.0
10342_G_TG3,1,16,0.0,0.0,0.0
10342_G_TG3,1,17,0.0,0.0,0.0
10342_G_TG3,1,18,0.0,0.0,0.0
10342_G_TG3,1,19,0.0,0.0,0.0
10342_G_TG3,1,20,0.0,0.0,0.0
10342_G_TG3,1,21,0.0,0.0,0.0
10342_G_TG3,1,22,0.0,0.0,0.0
10342_G_TG3,1,23,0.0,0.0,0.0
10342_G_TG3,1,24,0.0,0.0,0.0
10342_G_TG3,1,25,0.0,0.0,0.0
10349_G_GEN1,1,1,0.0,0.0,0.0
10349_G_GEN1,1,2,0.0,0.0,0.0
10349_G_GEN1,1,3,0.0,0.0,0.0
10349_G_GEN1,1,4,0.0,0.0,0.0
10349_G_GEN1,1,5,0.0,0.0,0.0
10349_G_GEN1,1,6,0.0,0.0,0.0
10349_G_GEN1,1,7,0.0,0.0,0.0
10349_G_GEN1,1,8,0.0,0.0,0.0
10349_G_GEN1,1,9,0.0,0.0,0.0
10349_G_GEN1,1,10,0.0,0.0,0.0
10349_G_GEN1,1,11,0.0,0.0,0.0
10349_G_GEN1,1,12,0.0,0.0,0.0
10349_G_GEN1,1,13,0.0,0.0,0.0
10349_G_GEN1,1,14,0.0,0.0,0.0
10349_G_GEN1,1,15,0.0,0.0,0.0
10349_G_GEN1,1,16,0.0,0.0,0.0
10349_G_GEN1,1,17,0.0,0.0,0.0
10349_G_GEN1,1,18,0.0,0.0,0.0
10349_G_GEN1,1,19,0.0,0.0,0.0
10349_G_GEN1,1,20,0.0,0.0,0.0
10349_G_GEN1,1,21,0.0,0.0,0.0
10349_G_GEN1,1,22,0.0,0.0,0.0
10349_G_GEN1,1,23,0.0,0.0,0.0
10349_G_GEN1,1,24,0.0,0.0,0.0
10349_G_GEN1,1,25,0.0,0.0,0.0
10387_G_1A,1,1,50.480000000000004,0.0,0.0
10387_G_1A,1,2,126.2,0.0,0.0
10387_G_1A,1,3,126.19999999999672,0.0,0.0
10387_G_1A,1,4,126.2,0.0,0.0
10387_G_1A,1,5,126.2,0.0,0.0
10387_G_1A,1,6,126.2,0.0,0.0
10387_G_1A,1,7,126.2,0.0,0.0
10387_G_1A,1,8,50.48,0.0,0.0
10387_G_1A,1,9,50.48,0.0,0.0
10387_G_1A,1,10,50.48,0.0,0.0
10387_G_1A,1,11,50.48,0.0,0.0
10387_G_1A,1,12,50.48,0.0,0.0
10387_G_1A,1,13,50.48,0.0,0.0
10387_G_1A,1,14,50.479999999999876,0.0,0.0
10387_G_1A,1,15,50.480000000000004,0.0,0.0
10387_G_1A,1,16,126.2,0.0,0.0
10387_G_1A,1,17,126.2,0.0,0.0
10387_G_1A,1,18,126.2,0.0,0.0
10387_G_1A,1,19,126.2,0.0,0.0
10387_G_1A,1,20,126.2,0.0,0.0
10387_G_1A,1,21,126.2,0.0,0.0
10387_G_1A,1,22,126.2,0.0,0.0
10387_G_1A,1,23,126.2,0.0,0.0
10387_G_1A,1,24,126.2,0.0,0.0
10387_G_1A,1,25,126.2,0.0,0.0
10387_G_3,1,1,15.920000000000002,0.0,0.0
10387_G_3,1,2,39.8,0.0,0.0
10387_G_3,1,3,39.8,0.0,0.0
10387_G_3,1,4,39.8,0.0,0.0
10387_G_3,1,5,39.8,0.0,0.0
10387_G_3,1,6,39.8,0.0,0.0
10387_G_3,1,7,39.8,0.0,0.0
10387_G_3,1,8,15.92,0.0,0.0
10387_G_3,1,9,15.92,0.0,0.0
10387_G_3,1,10,15.92,0.0,0.0
10387_G_3,1,11,15.92,0.0,0.0
10387_G_3,1,12,15.92,0.0,0.0
10387_G_3,1,13,15.92,0.0,0.0
10387_G_3,1,14,15.920000000000002,0.0,0.0
10387_G_3,1,15,15.920000000000002,0.0,0.0
10387_G_3,1,16,39.8,0.0,0.0
10387_G_3,1,17,39.8,0.0,0.0
10387_G_3,1,18,39.8,0.0,0.0
10387_G_3,1,19,39.8,0.0,0.0
10387_G_3,1,20,39.8,0.0,0.0
10387_G_3,1,21,39.8,0.0,0.0
10387_G_3,1,22,39.8,0.0,0.0
10387_G_3,1,23,39.8,0.0,0.0
10387_G_3,1,24,39.8,0.0,0.0
10387_G_3,1,25,39.8,0.0,0.0
10405_G_GEN1,1,1,0.0,0.0,0.0
10405_G_GEN1,1,2,0.0,0.0,0.0
10405_G_GEN1,1,3,0.0,0.0,0.0
10405_G_GEN1,1,4,0.0,0.0,0.0
10405_G_GEN1,1,5,0.0,0.0,0.0
10405_G_GEN1,1,6,0.0,0.0,0.0
10405_G_GEN1,1,7,0.0,0.0,0.0
10405_G_GEN1,1,8,0.0,0.0,0.0
10405_G_GEN1,1,9,0.0,0.0,0.0
10405_G_GEN1,1,10,0.0,0.0,0.0
10405_G_GEN1,1,11,0.0,0.0,0.0
10405_G_GEN1,1,12,0.0,0.0,0.0
10405_G_GEN1,1,13,0.0,0.0,0.0
10405_G_GEN1,1,14,0.0,0.0,0.0
10405_G_GEN1,1,15,0.0,0.0,0.0
10405_G_GEN1,1,16,0.0,0.0,0.0
10405_G_GEN1,1,17,0.0,0.0,0.0
10405_G_GEN1,1,18,0.0,0.0,0.0
10405_G_GEN1,1,19,0.0,0.0,0.0
10405_G_GEN1,1,20,0.0,0.0,0.0
10405_G_GEN1,1,21,0.0,0.0,0.0
10405_G_GEN1,1,22,0.0,0.0,0.0
10405_G_GEN1,1,23,0.0,0.0,0.0
10405_G_GEN1,1,24,0.0,0.0,0.0
10405_G_GEN1,1,25,0.0,0.0,0.0
10405_G_GEN2,1,1,0.0,0.0,0.0
10405_G_GEN2,1,2,0.0,0.0,0.0
10405_G_GEN2,1,3,0.0,0.0,0.0
10405_G_GEN2,1,4,0.0,0.0,0.0
10405_G_GEN2,1,5,0.0,0.0,0.0
10405_G_GEN2,1,6,0.0,0.0,0.0
10405_G_GEN2,1,7,0.0,0.0,0.0
10405_G_GEN2,1,8,0.0,0.0,0.0
10405_G_GEN2,1,9,0.0,0.0,0.0
10405_G_GEN2,1,10,0.0,0.0,0.0
10405_G_GEN2,1,11,0.0,0.0,0.0
10405_G_GEN2,1,12,0.0,0.0,0.0
10405_G_GEN2,1,13,0.0,0.0,0.0
10405_G_GEN2,1,14,0.0,0.0,0.0
10405_G_GEN2,1,15,0.0,0.0,0.0
10405_G_GEN2,1,16,0.0,0.0,0.0
10405_G_GEN2,1,17,0.0,0.0,0.0
10405_G_GEN2,1,18,0.0,0.0,0.0
10405_G_GEN2,1,19,0.0,0.0,0.0
10405_G_GEN2,1,20,0.0,0.0,0.0
10405_G_GEN2,1,21,0.0,0.0,0.0
10405_G_GEN2,1,22,0.0,0.0,0.0
10405_G_GEN2,1,23,0.0,0.0,0.0
10405_G_GEN2,1,24,0.0,0.0,0.0
10405_G_GEN2,1,25,0.0,0.0,0.0
10472_B_B300,1,1,23.680000000000014,0.0,0.0
10472_B_B300,1,2,59.20000000000001,0.0,0.0
10472_B_B300,1,3,59.20000000000001,0.0,0.0
10472_B_B300,1,4,59.20000000000001,0.0,0.0
10472_B_B300,1,5,59.20000000000001,0.0,0.0
10472_B_B300,1,6,59.20000000000001,0.0,0.0
10472_B_B300,1,7,59.20000000000001,0.0,0.0
10472_B_B300,1,8,23.68000000000001,0.0,0.0
10472_B_B300,1,9,23.68000000000001,0.0,0.0
10472_B_B300,1,10,23.68000000000001,0.0,0.0
10472_B_B300,1,11,23.68000000000001,0.0,0.0
10472_B_B300,1,12,23.68000000000001,0.0,0.0
10472_B_B300,1,13,23.68000000000001,0.0,0.0
10472_B_B300,1,14,23.680000000000014,0.0,0.0
10472_B_B300,1,15,23.680000000000014,0.0,0.0
10472_B_B300,1,16,59.20000000000001,0.0,0.0
10472_B_B300,1,17,59.20000000000001,0.0,0.0
10472_B_B300,1,18,59.20000000000001,0.0,0.0
10472_B_B300,1,19,59.20000000000001,0.0,0.0
10472_B_B300,1,20,59.20000000000001,0.0,0.0
10472_B_B300,1,21,59.20000000000001,0.0,0.0
10472_B_B300,1,22,59.20000000000001,0.0,0.0
10472_B_B300,1,23,59.20000000000001,0.0,0.0
10472_B_B300,1,24,59.20000000000001,0.0,0.0
10472_B_B300,1,25,59.20000000000001,0.0,0.0
10479_G_T101,1,1,4.0,0.0,0.0
10479_G_T101,1,2,4.0,0.0,0.0
10479_G_T101,1,3,4.0,0.0,0.0
10479_G_T101,1,4,4.0,0.0,0.0
10479_G_T101,1,5,4.0,0.0,0.0
10479_G_T101,1,6,4.0,0.0,0.0
10479_G_T101,1,7,4.0,0.0,0.0
10479_G_T101,1,8,2.632,0.0,1.0319999999999716
10479_G_T101,1,9,1.6,2.4,0.0
10479_G_T101,1,10,1.6,2.4,0.0
10479_G_T101,1,11,1.6,2.4,0.0
10479_G_T101,1,12,1.6,2.4,0.0
10479_G_T101,1,13,2.6319999999999997,1.3679999999999766,1.0320000000000016
10479_G_T101,1,14,4.0,0.0,0.0
10479_G_T101,1,15,4.0,0.0,0.0
10479_G_T101,1,16,4.0,0.0,0.0
10479_G_T101,1,17,4.0,0.0,0.0
10479_G_T101,1,18,4.0,0.0,0.0
10479_G_T101,1,19,4.0,0.0,0.0
10479_G_T101,1,20,4.0,0.0,0.0
10479_G_T101,1,21,4.0,0.0,0.0
10479_G_T101,1,22,4.0,0.0,0.0
10479_G_T101,1,23,4.0,0.0,0.0
10479_G_T101,1,24,4.0,0.0,0.0
10479_G_T101,1,25,4.0,0.0,0.0
10479_G_T102,1,1,4.0,0.0,0.0
10479_G_T102,1,2,4.0,0.0,0.0
10479_G_T102,1,3,4.0,0.0,0.0
10479_G_T102,1,4,4.0,0.0,0.0
10479_G_T102,1,5,4.0,0.0,0.0
10479_G_T102,1,6,4.0,0.0,0.0
10479_G_T102,1,7,4.0,0.0,0.0
10479_G_T102,1,8,2.632,0.0,0.0
10479_G_T102,1,9,1.6,0.0,0.0
10479_G_T102,1,10,1.6,0.0,0.0
10479_G_T102,1,11,1.6,0.0,0.0
10479_G_T102,1,12,1.6,0.0,0.0
10479_G_T102,1,13,2.6319999999999997,0.0,0.0
10479_G_T102,1,14,4.0,0.0,0.0
10479_G_T102,1,15,4.0,0.0,0.0
10479_G_T102,1,16,4.0,0.0,0.0
10479_G_T102,1,17,4.0,0.0,0.0
10479_G_T102,1,18,4.0,0.0,0.0
10479_G_T102,1,19,4.0,0.0,0.0
10479_G_T102,1,20,4.0,0.0,0.0
10479_G_T102,1,21,4.0,0.0,0.0
10479_G_T102,1,22,4.0,0.0,0.0
10479_G_T102,1,23,4.0,0.0,0.0
10479_G_T102,1,24,4.0,0.0,0.0
10479_G_T102,1,25,4.0,0.0,0.0
10479_G_T103,1,1,4.0,0.0,0.0
10479_G_T103,1,2,4.0,0.0,0.0
10479_G_T103,1,3,4.0,0.0,0.0
10479_G_T103,1,4,4.0,0.0,0.0
10479_G_T103,1,5,4.0,0.0,0.0
10479_G_T103,1,6,4.0,0.0,0.0
10479_G_T103,1,7,4.0,0.0,0.0
10479_G_T103,1,8,2.632,0.0,0.0
10479_G_T103,1,9,1.6,0.0,0.0
10479_G_T103,1,10,1.6,0.0,0.0
10479_G_T103,1,11,1.6,0.0,0.0
10479_G_T103,1,12,1.6,0.0,0.0
10479_G_T103,1,13,2.6319999999999997,0.0,0.0
10479_G_T103,1,14,4.0,0.0,0.0
10479_G_T103,1,15,4.0,0.0,0.0
10479_G_T103,1,16,4.0,0.0,0.0
10479_G_T103,1,17,4.0,0.0,0.0
10479_G_T103,1,18,4.0,0.0,0.0
10479_G_T103,1,19,4.0,0.0,0.0
10479_G_T103,1,20,4.0,0.0,0.0
10479_G_T103,1,21,4.0,0.0,0.0
10479_G_T103,1,22,4.0,0.0,0.0
10479_G_T103,1,23,4.0,0.0,0.0
10479_G_T103,1,24,4.0,0.0,0.0
10479_G_T103,1,25,4.0,0.0,0.0
10480_G_GEN1,1,1,3.2,0.0,0.0
10480_G_GEN1,1,2,3.2,0.0,0.0
10480_G_GEN1,1,3,3.2,0.0,0.0
10480_G_GEN1,1,4,3.2,0.0,0.0
10480_G_GEN1,1,5,3.2,0.0,0.0
10480_G_GEN1,1,6,3.2,0.0,0.0
10480_G_GEN1,1,7,3.2,0.0,0.0
10480_G_GEN1,1,8,2.1056,0.0,0.0
10480_G_GEN1,1,9,1.2800000000000002,0.0,0.0
10480_G_GEN1,1,10,1.2800000000000002,0.0,0.0
10480_G_GEN1,1,11,1.2800000000000002,0.0,0.0
10480_G_GEN1,1,12,1.2800000000000002,0.0,0.0
10480_G_GEN1,1,13,2.1056,0.0,0.0
10480_G_GEN1,1,14,3.2,0.0,0.0
10480_G_GEN1,1,15,3.2,0.0,0.0
10480_G_GEN1,1,16,3.2,0.0,0.0
10480_G_GEN1,1,17,3.2,0.0,0.0
10480_G_GEN1,1,18,3.2,0.0,0.0
10480_G_GEN1,1,19,3.2,0.0,0.0
10480_G_GEN1,1,20,3.2,0.0,0.0
10480_G_GEN1,1,21,3.2,0.0,0.0
10480_G_GEN1,1,22,3.2,0.0,0.0
10480_G_GEN1,1,23,3.2,0.0,0.0
10480_G_GEN1,1,24,3.2,0.0,0.0
10480_G_GEN1,1,25,3.2,0.0,0.0
10480_G_GEN2,1,1,3.2,0.0,0.0
10480_G_GEN2,1,2,3.2,0.0,0.0
10480_G_GEN2,1,3,3.2,0.0,0.0
10480_G_GEN2,1,4,3.2,0.0,0.0
10480_G_GEN2,1,5,3.2,0.0,0.0
10480_G_GEN2,1,6,3.2,0.0,0.0
10480_G_GEN2,1,7,3.2,0.0,0.0
10480_G_GEN2,1,8,2.1056,0.0,0.0
10480_G_GEN2,1,9,1.2800000000000002,0.0,0.0
10480_G_GEN2,1,10,1.2800000000000002,0.0,0.0
10480_G_GEN2,1,11,1.2800000000000002,0.0,0.0
10480_G_GEN2,1,12,1.2800000000000002,0.0,0.0
10480_G_GEN2,1,13,2.1056,0.0,0.0
10480_G_GEN2,1,14,3.2,0.0,0.0
10480_G_GEN2,1,15,3.2,0.0,0.0
10480_G_GEN2,1,16,3.2,0.0,0.0
10480_G_GEN2,1,17,3.2,0.0,0.0
10480_G_GEN2,1,18,3.2,0.0,0.0
10480_G_GEN2,1,19,3.2,0.0,0.0
10480_G_GEN2,1,20,3.2,0.0,0.0
10480_G_GEN2,1,21,3.2,0.0,0.0
10480_G_GEN2,1,22,3.2,0.0,0.0
10480_G_GEN2,1,23,3.2,0.0,0.0
10480_G_GEN2,1,24,3.2,0.0,0.0
10480_G_GEN2,1,25,3.2,0.0,0.0
10481_G_1,1,1,3.0,0.0,0.0
10481_G_1,1,2,3.0,0.0,0.0
10481_G_1,1,3,3.0,0.0,0.0
10481_G_1,1,4,3.0,0.0,0.0
10481_G_1,1,5,3.0,0.0,0.0
10481_G_1,1,6,3.0,0.0,0.0
10481_G_1,1,7,3.0,0.0,0.0
10481_G_1,1,8,1.9740000000000002,0.0,0.0
10481_G_1,1,9,1.2000000000000002,0.0,0.0
10481_G_1,1,10,1.2000000000000002,0.0,0.0
10481_G_1,1,11,1.2000000000000002,0.0,0.0
10481_G_1,1,12,1.2000000000000002,0.0,0.0
10481_G_1,1,13,1.974,0.0,0.0
10481_G_1,1,14,3.0,0.0,0.0
10481_G_1,1,15,3.0,0.0,0.0
10481_G_1,1,16,3.0,0.0,0.0
10481_G_1,1,17,3.0,0.0,0.0
10481_G_1,1,18,3.0,0.0,0.0
10481_G_1,1,19,3.0,0.0,0.0
10481_G_1,1,20,3.0,0.0,0.0
10481_G_1,1,21,3.0,0.0,0.0
10481_G_1,1,22,3.0,0.0,0.0
10481_G_1,1,23,3.0,0.0,0.0
10481_G_1,1,24,3.0,0.0,0.0
10481_G_1,1,25,3.0,0.0,0.0
10481_G_2,1,1,3.0,0.0,0.0
10481_G_2,1,2,3.0,0.0,0.0
10481_G_2,1,3,3.0,0.0,0.0
10481_G_2,1,4,3.0,0.0,0.0
10481_G_2,1,5,3.0,0.0,0.0
10481_G_2,1,6,3.0,0.0,0.0
10481_G_2,1,7,3.0,0.0,1.7999999999999998
10481_G_2,1,8,1.9739999999999982,1.0259999999999985,0.774
10481_G_2,1,9,3.0,0.0,1.7999999999999998
10481_G_2,1,10,1.9740000000000002,1.0259999999999998,0.774
10481_G_2,1,11,3.0,0.0,1.7999999999999998
10481_G_2,1,12,2.999999999893873,0.0,1.7999999998938727
10481_G_2,1,13,1.974,1.0260000000000011,0.7740000000000016
10481_G_2,1,14,3.0,0.0,1.7999999999999998
10481_G_2,1,15,3.0,0.0,1.7999999999999998
10481_G_2,1,16,3.0,0.0,1.7999999999999998
10481_G_2,1,17,3.0,0.0,0.0
10481_G_2,1,18,3.0,0.0,0.0
10481_G_2,1,19,3.0,0.0,0.0
10481_G_2,1,20,3.0,0.0,0.0
10481_G_2,1,21,3.0,0.0,0.0
10481_G_2,1,22,3.0,0.0,0.0
10481_G_2,1,23,3.0,0.0,1.7999999999999998
10481_G_2,1,24,3.0,0.0,1.7999999999999998
10481_G_2,1,25,3.0,0.0,0.0
10481_G_3,1,1,3.0,0.0,0.0
10481_G_3,1,2,3.0,0.0,0.0
10481_G_3,1,3,3.0,0.0,0.0
10481_G_3,1,4,3.0,0.0,0.0
10481_G_3,1,5,3.0,0.0,0.0
10481_G_3,1,6,3.0,0.0,0.0
10481_G_3,1,7,3.0,0.0,0.0
10481_G_3,1,8,1.9740000000000002,0.0,0.0
10481_G_3,1,9,1.2000000000000002,0.0,0.0
10481_G_3,1,10,1.2000000000000002,0.0,0.0
10481_G_3,1,11,1.2000000000000002,0.0,0.0
10481_G_3,1,12,1.2000000000000002,0.0,0.0
10481_G_3,1,13,1.974,0.0,0.0
10481_G_3,1,14,3.0,0.0,0.0
10481_G_3,1,15,3.0,0.0,0.0
10481_G_3,1,16,3.0,0.0,0.0
10481_G_3,1,17,3.0,0.0,0.0
10481_G_3,1,18,3.0,0.0,0.0
10481_G_3,1,19,3.0,0.0,0.0
10481_G_3,1,20,3.0,0.0,0.0
10481_G_3,1,21,3.0,0.0,0.0
10481_G_3,1,22,3.0,0.0,0.0
10481_G_3,1,23,3.0,0.0,0.0
10481_G_3,1,24,3.0,0.0,0.0
10481_G_3,1,25,3.0,0.0,0.0
10496_G_GTAG,1,1,0.0,0.0,0.0
10496_G_GTAG,1,2,0.0,0.0,0.0
10496_G_GTAG,1,3,0.0,0.0,0.0
10496_G_GTAG,1,4,0.0,0.0,0.0
10496_G_GTAG,1,5,0.0,0.0,0.0
10496_G_GTAG,1,6,0.0,0.0,0.0
10496_G_GTAG,1,7,0.0,0.0,0.0
10496_G_GTAG,1,8,0.0,0.0,0.0
10496_G_GTAG,1,9,0.0,0.0,0.0
10496_G_GTAG,1,10,0.0,0.0,0.0
10496_G_GTAG,1,11,0.0,0.0,0.0
10496_G_GTAG,1,12,0.0,0.0,0.0
10496_G_GTAG,1,13,0.0,0.0,0.0
10496_G_GTAG,1,14,0.0,0.0,0.0
10496_G_GTAG,1,15,0.0,0.0,0.0
10496_G_GTAG,1,16,0.0,0.0,0.0
10496_G_GTAG,1,17,0.0,0.0,0.0
10496_G_GTAG,1,18,0.0,0.0,0.0
10496_G_GTAG,1,19,0.0,0.0,0.0
10496_G_GTAG,1,20,0.0,0.0,0.0
10496_G_GTAG,1,21,0.0,0.0,0.0
10496_G_GTAG,1,22,0.0,0.0,0.0
10496_G_GTAG,1,23,0.0,0.0,0.0
10496_G_GTAG,1,24,0.0,0.0,0.0
10496_G_GTAG,1,25,0.0,0.0,0.0
10601_G_GEN1,1,1,44.8,0.0,0.0
10601_G_GEN1,1,2,44.8,0.0,0.0
10601_G_GEN1,1,3,44.8,0.0,0.0
10601_G_GEN1,1,4,44.8,0.0,0.0
10601_G_GEN1,1,5,44.8,0.0,0.0
10601_G_GEN1,1,6,44.8,0.0,0.0
10601_G_GEN1,1,7,44.8,0.0,0.0
10601_G_GEN1,1,8,17.919999999999995,0.0,0.0
10601_G_GEN1,1,9,17.919999999999995,0.0,0.0
10601_G_GEN1,1,10,17.919999999999995,0.0,0.0
10601_G_GEN1,1,11,17.919999999999995,0.0,0.0
10601_G_GEN1,1,12,17.919999999999995,0.0,0.0
10601_G_GEN1,1,13,17.919999999999995,0.0,0.0
10601_G_GEN1,1,14,17.919999999999995,0.0,0.0
10601_G_GEN1,1,15,44.8,0.0,0.0
10601_G_GEN1,1,16,44.8,0.0,0.0
10601_G_GEN1,1,17,44.8,0.0,0.0
10601_G_GEN1,1,18,44.8,0.0,0.0
10601_G_GEN1,1,19,44.8,0.0,0.0
10601_G_GEN1,1,20,44.8,0.0,0.0
10601_G_GEN1,1,21,44.8,0.0,0.0
10601_G_GEN1,1,22,44.8,0.0,0.0
10601_G_GEN1,1,23,44.8,0.0,0.0
10601_G_GEN1,1,24,44.8,0.0,0.0
10601_G_GEN1,1,25,44.8,0.0,0.0
10623_G_GEN1,1,1,0.0,0.0,0.0
10623_G_GEN1,1,2,0.0,0.0,0.0
10623_G_GEN1,1,3,0.0,0.0,0.0
10623_G_GEN1,1,4,0.0,0.0,0.0
10623_G_GEN1,1,5,0.0,0.0,0.0
10623_G_GEN1,1,6,0.0,0.0,0.0
10623_G_GEN1,1,7,0.0,0.0,0.0
10623_G_GEN1,1,8,0.0,0.0,0.0
10623_G_GEN1,1,9,0.0,0.0,0.0
10623_G_GEN1,1,10,0.0,0.0,0.0
10623_G_GEN1,1,11,0.0,0.0,0.0
10623_G_GEN1,1,12,0.0,0.0,0.0
10623_G_GEN1,1,13,0.0,0.0,0.0
10623_G_GEN1,1,14,0.0,0.0,0.0
10623_G_GEN1,1,15,0.0,0.0,0.0
10623_G_GEN1,1,16,0.0,0.0,0.0
10623_G_GEN1,1,17,0.0,0.0,0.0
10623_G_GEN1,1,18,0.0,0.0,0.0
10623_G_GEN1,1,19,0.0,0.0,0.0
10623_G_GEN1,1,20,0.0,0.0,0.0
10623_G_GEN1,1,21,0.0,0.0,0.0
10623_G_GEN1,1,22,0.0,0.0,0.0
10623_G_GEN1,1,23,0.0,0.0,0.0
10623_G_GEN1,1,24,0.0,0.0,0.0
10623_G_GEN1,1,25,0.0,0.0,0.0
10623_G_GEN2,1,1,0.0,0.0,0.0
10623_G_GEN2,1,2,0.0,0.0,0.0
10623_G_GEN2,1,3,0.0,0.0,0.0
10623_G_GEN2,1,4,0.0,0.0,0.0
10623_G_GEN2,1,5,0.0,0.0,0.0
10623_G_GEN2,1,6,0.0,0.0,0.0
10623_G_GEN2,1,7,0.0,0.0,0.0
10623_G_GEN2,1,8,0.0,0.0,0.0
10623_G_GEN2,1,9,0.0,0.0,0.0
10623_G_GEN2,1,10,0.0,0.0,0.0
10623_G_GEN2,1,11,0.0,0.0,0.0
10623_G_GEN2,1,12,0.0,0.0,0.0
10623_G_GEN2,1,13,0.0,0.0,0.0
10623_G_GEN2,1,14,0.0,0.0,0.0
10623_G_GEN2,1,15,0.0,0.0,0.0
10623_G_GEN2,1,16,0.0,0.0,0.0
10623_G_GEN2,1,17,0.0,0.0,0.0
10623_G_GEN2,1,18,0.0,0.0,0.0
10623_G_GEN2,1,19,0.0,0.0,0.0
10623_G_GEN2,1,20,0.0,0.0,0.0
10623_G_GEN2,1,21,0.0,0.0,0.0
10623_G_GEN2,1,22,0.0,0.0,0.0
10623_G_GEN2,1,23,0.0,0.0,0.0
10623_G_GEN2,1,24,0.0,0.0,0.0
10623_G_GEN2,1,25,0.0,0.0,0.0
10631_G_GEN1,1,1,42.0,0.0,0.0
10631_G_GEN1,1,2,42.0,0.0,0.0
10631_G_GEN1,1,3,42.0,0.0,0.0
10631_G_GEN1,1,4,42.0,0.0,0.0
10631_G_GEN1,1,5,42.0,0.0,0.0
10631_G_GEN1,1,6,42.0,0.0,0.0
10631_G_GEN1,1,7,42.0,0.0,0.0
10631_G_GEN1,1,8,27.636,0.0,0.0
10631_G_GEN1,1,9,16.8,0.0,0.0
10631_G_GEN1,1,10,16.8,0.0,0.0
10631_G_GEN1,1,11,16.8,0.0,0.0
10631_G_GEN1,1,12,16.8,0.0,0.0
10631_G_GEN1,1,13,27.636,0.0,0.0
10631_G_GEN1,1,14,42.0,0.0,0.0
10631_G_GEN1,1,15,42.0,0.0,0.0
10631_G_GEN1,1,16,42.0,0.0,0.0
10631_G_GEN1,1,17,42.0,0.0,0.0
10631_G_GEN1,1,18,42.0,0.0,0.0
10631_G_GEN1,1,19,42.0,0.0,0.0
10631_G_GEN1,1,20,42.0,0.0,0.0
10631_G_GEN1,1,21,42.0,0.0,0.0
10631_G_GEN1,1,22,42.0,0.0,0.0
10631_G_GEN1,1,23,42.0,0.0,0.0
10631_G_GEN1,1,24,42.0,0.0,0.0
10631_G_GEN1,1,25,42.0,0.0,0.0
10632_G_GEN1,1,1,42.0,0.0,0.0
10632_G_GEN1,1,2,42.0,0.0,0.0
10632_G_GEN1,1,3,42.0,0.0,0.0
10632_G_GEN1,1,4,42.0,0.0,0.0
10632_G_GEN1,1,5,42.0,0.0,0.0
10632_G_GEN1,1,6,42.0,0.0,0.0
10632_G_GEN1,1,7,42.0,0.0,0.0
10632_G_GEN1,1,8,27.636,0.0,0.0
10632_G_GEN1,1,9,16.8,0.0,0.0
10632_G_GEN1,1,10,16.8,0.0,0.0
10632_G_GEN1,1,11,16.8,0.0,0.0
10632_G_GEN1,1,12,16.8,0.0,0.0
10632_G_GEN1,1,13,27.636,0.0,0.0
10632_G_GEN1,1,14,42.0,0.0,0.0
10632_G_GEN1,1,15,42.0,0.0,0.0
10632_G_GEN1,1,16,42.0,0.0,0.0
10632_G_GEN1,1,17,42.0,0.0,0.0
10632_G_GEN1,1,18,42.0,0.0,0.0
10632_G_GEN1,1,19,42.0,0.0,0.0
10632_G_GEN1,1,20,42.0,0.0,0.0
10632_G_GEN1,1,21,42.0,0.0,0.0
10632_G_GEN1,1,22,42.0,0.0,0.0
10632_G_GEN1,1,23,42.0,0.0,0.0
10632_G_GEN1,1,24,42.0,0.0,0.0
10632_G_GEN1,1,25,42.0,0.0,0.0
10634_G_GEN1,1,1,42.0,0.0,0.0
10634_G_GEN1,1,2,42.0,0.0,0.0
10634_G_GEN1,1,3,42.0,0.0,0.0
10634_G_GEN1,1,4,42.0,0.0,0.0
10634_G_GEN1,1,5,42.0,0.0,0.0
10634_G_GEN1,1,6,42.0,0.0,0.0
10634_G_GEN1,1,7,42.0,0.0,0.0
10634_G_GEN1,1,8,27.635999999999978,0.0,0.0
10634_G_GEN1,1,9,16.8,0.0,0.0
10634_G_GEN1,1,10,16.8,0.0,0.0
10634_G_GEN1,1,11,16.8,0.0,0.0
10634_G_GEN1,1,12,16.8,0.0,0.0
10634_G_GEN1,1,13,27.636,0.0,0.0
10634_G_GEN1,1,14,42.0,0.0,0.0
10634_G_GEN1,1,15,42.0,0.0,0.0
10634_G_GEN1,1,16,42.0,0.0,0.0
10634_G_GEN1,1,17,42.0,0.0,0.0
10634_G_GEN1,1,18,42.0,0.0,0.0
10634_G_GEN1,1,19,42.0,0.0,0.0
10634_G_GEN1,1,20,42.0,0.0,0.0
10634_G_GEN1,1,21,42.0,0.0,0.0
10634_G_GEN1,1,22,42.0,0.0,0.0
10634_G_GEN1,1,23,42.0,0.0,0.0
10634_G_GEN1,1,24,42.0,0.0,0.0
10634_G_GEN1,1,25,42.0,0.0,0.0
10661_B_4,1,1,35.0,0.0,0.0
10661_B_4,1,2,35.0,0.0,0.0
10661_B_4,1,3,35.0,0.0,0.0
10661_B_4,1,4,35.0,0.0,0.0
10661_B_4,1,5,35.0,0.0,0.0
10661_B_4,1,6,35.0,0.0,0.0
10661_B_4,1,7,35.0,0.0,0.0
10661_B_4,1,8,14.0,0.0,0.0
10661_B_4,1,9,14.0,0.0,0.0
10661_B_4,1,10,14.0,0.0,0.0
10661_B_4,1,11,14.0,0.0,0.0
10661_B_4,1,12,14.0,0.0,0.0
10661_B_4,1,13,14.0,0.0,0.0
10661_B_4,1,14,35.0,0.0,0.0
10661_B_4,1,15,35.0,0.0,0.0
10661_B_4,1,16,35.0,0.0,0.0
10661_B_4,1,17,35.0,0.0,0.0
10661_B_4,1,18,35.0,0.0,0.0
10661_B_4,1,19,35.0,0.0,0.0
10661_B_4,1,20,35.0,0.0,0.0
10661_B_4,1,21,35.0,0.0,0.0
10661_B_4,1,22,35.0,0.0,0.0
10661_B_4,1,23,35.0,0.0,0.0
10661_B_4,1,24,35.0,0.0,0.0
10661_B_4,1,25,35.0,0.0,0.0
10684_B_BLR22,1,1,0.0,0.0,0.0
10684_B_BLR22,1,2,0.0,0.0,0.0
10684_B_BLR22,1,3,0.0,0.0,0.0
10684_B_BLR22,1,4,0.0,0.0,0.0
10684_B_BLR22,1,5,0.0,0.0,0.0
10684_B_BLR22,1,6,0.0,0.0,0.0
10684_B_BLR22,1,7,0.0,0.0,0.0
10684_B_BLR22,1,8,0.0,0.0,0.0
10684_B_BLR22,1,9,0.0,0.0,0.0
10684_B_BLR22,1,10,0.0,0.0,0.0
10684_B_BLR22,1,11,0.0,0.0,0.0
10684_B_BLR22,1,12,0.0,0.0,0.0
10684_B_BLR22,1,13,0.0,0.0,0.0
10684_B_BLR22,1,14,0.0,0.0,0.0
10684_B_BLR22,1,15,0.0,0.0,0.0
10684_B_BLR22,1,16,0.0,0.0,0.0
10684_B_BLR22,1,17,0.0,0.0,0.0
10684_B_BLR22,1,18,0.0,0.0,0.0
10684_B_BLR22,1,19,0.0,0.0,0.0
10684_B_BLR22,1,20,0.0,0.0,0.0
10684_B_BLR22,1,21,0.0,0.0,0.0
10684_B_BLR22,1,22,0.0,0.0,0.0
10684_B_BLR22,1,23,0.0,0.0,0.0
10684_B_BLR22,1,24,0.0,0.0,0.0
10684_B_BLR22,1,25,0.0,0.0,0.0
10748_G_U4J16,1,1,14.800000000000004,0.0,0.0
10748_G_U4J16,1,2,37.0,0.0,0.0
10748_G_U4J16,1,3,37.0,0.0,0.0
10748_G_U4J16,1,4,37.0,0.0,0.0
10748_G_U4J16,1,5,37.0,0.0,0.0
10748_G_U4J16,1,6,37.0,0.0,0.0
10748_G_U4J16,1,7,37.0,0.0,0.0
10748_G_U4J16,1,8,14.800000000000004,0.0,0.0
10748_G_U4J16,1,9,14.800000000000004,0.0,0.0
10748_G_U4J16,1,10,14.800000000000004,0.0,0.0
10748_G_U4J16,1,11,14.800000000000004,0.0,0.0
10748_G_U4J16,1,12,14.800000000000004,0.0,0.0
10748_G_U4J16,1,13,14.800000000000004,0.0,0.0
10748_G_U4J16,1,14,14.800000000000004,0.0,0.0
10748_G_U4J16,1,15,14.800000000000004,0.0,0.0
10748_G_U4J16,1,16,37.0,0.0,0.0
10748_G_U4J16,1,17,37.0,0.0,0.0
10748_G_U4J16,1,18,37.0,0.0,0.0
10748_G_U4J16,1,19,37.0,0.0,0.0
10748_G_U4J16,1,20,37.0,0.0,0.0
10748_G_U4J16,1,21,37.0,0.0,0.0
10748_G_U4J16,1,22,37.0,0.0,0.0
10748_G_U4J16,1,23,37.0,0.0,0.0
10748_G_U4J16,1,24,37.0,0.0,0.0
10748_G_U4J16,1,25,37.0,0.0,0.0
10759_G_GEN1,1,1,47.5,0.0,0.0
10759_G_GEN1,1,2,47.5,0.0,0.0
10759_G_GEN1,1,3,47.5,0.0,0.0
10759_G_GEN1,1,4,47.5,0.0,0.0
10759_G_GEN1,1,5,47.5,0.0,0.0
10759_G_GEN1,1,6,47.5,0.0,0.0
10759_G_GEN1,1,7,47.5,0.0,0.0
10759_G_GEN1,1,8,31.254999999999963,0.0,0.0
10759_G_GEN1,1,9,19.0,0.0,0.0
10759_G_GEN1,1,10,19.0,0.0,0.0
10759_G_GEN1,1,11,19.0,0.0,0.0
10759_G_GEN1,1,12,19.0,0.0,0.0
10759_G_GEN1,1,13,31.255,0.0,0.0
10759_G_GEN1,1,14,47.5,0.0,0.0
10759_G_GEN1,1,15,47.5,0.0,0.0
10759_G_GEN1,1,16,47.5,0.0,0.0
10759_G_GEN1,1,17,47.5,0.0,0.0
10759_G_GEN1,1,18,47.5,0.0,0.0
10759_G_GEN1,1,19,47.5,0.0,0.0
10759_G_GEN1,1,20,47.5,0.0,0.0
10759_G_GEN1,1,21,47.5,0.0,0.0
10759_G_GEN1,1,22,47.5,0.0,0.0
10759_G_GEN1,1,23,47.5,0.0,0.0
10759_G_GEN1,1,24,47.5,0.0,0.0
10759_G_GEN1,1,25,47.5,0.0,0.0
10763_G_GBU,1,1,3.2,0.0,0.0
10763_G_GBU,1,2,3.2,0.0,0.0
10763_G_GBU,1,3,3.2,0.0,0.0
10763_G_GBU,1,4,3.2,0.0,0.0
10763_G_GBU,1,5,3.2,0.0,0.0
10763_G_GBU,1,6,3.2,0.0,0.0
10763_G_GBU,1,7,3.2,0.0,0.0
10763_G_GBU,1,8,2.105599999999993,0.0,0.0
10763_G_GBU,1,9,1.2800000000000002,0.0,0.0
10763_G_GBU,1,10,1.2800000000000002,0.0,0.0
10763_G_GBU,1,11,1.2800000000000002,0.0,0.0
10763_G_GBU,1,12,1.2800000000000002,0.0,0.0
10763_G_GBU,1,13,2.1056,0.0,0.0
10763_G_GBU,1,14,3.2,0.0,0.0
10763_G_GBU,1,15,3.2,0.0,0.0
10763_G_GBU,1,16,3.2,0.0,0.0
10763_G_GBU,1,17,3.2,0.0,0.0
10763_G_GBU,1,18,3.2,0.0,0.0
10763_G_GBU,1,19,3.2,0.0,0.0
10763_G_GBU,1,20,3.2,0.0,0.0
10763_G_GBU,1,21,3.2,0.0,0.0
10763_G_GBU,1,22,3.2,0.0,0.0
10763_G_GBU,1,23,3.2,0.0,0.0
10763_G_GBU,1,24,3.2,0.0,0.0
10763_G_GBU,1,25,3.2,0.0,0.0
10763_G_GEN1,1,1,13.5,0.0,0.0
10763_G_GEN1,1,2,13.5,0.0,0.0
10763_G_GEN1,1,3,13.5,0.0,0.0
10763_G_GEN1,1,4,13.5,0.0,0.0
10763_G_GEN1,1,5,13.5,0.0,0.0
10763_G_GEN1,1,6,13.5,0.0,0.0
10763_G_GEN1,1,7,13.5,0.0,0.0
10763_G_GEN1,1,8,8.882999999999994,0.0,0.0
10763_G_GEN1,1,9,5.4,0.0,0.0
10763_G_GEN1,1,10,5.4,0.0,0.0
10763_G_GEN1,1,11,5.4,0.0,0.0
10763_G_GEN1,1,12,5.4,0.0,0.0
10763_G_GEN1,1,13,8.883,0.0,0.0
10763_G_GEN1,1,14,13.5,0.0,0.0
10763_G_GEN1,1,15,13.5,0.0,0.0
10763_G_GEN1,1,16,13.5,0.0,0.0
10763_G_GEN1,1,17,13.5,0.0,0.0
10763_G_GEN1,1,18,13.5,0.0,0.0
10763_G_GEN1,1,19,13.5,0.0,0.0
10763_G_GEN1,1,20,13.5,0.0,0.0
10763_G_GEN1,1,21,13.5,0.0,0.0
10763_G_GEN1,1,22,13.5,0.0,0.0
10763_G_GEN1,1,23,13.5,0.0,0.0
10763_G_GEN1,1,24,13.5,0.0,0.0
10763_G_GEN1,1,25,13.5,0.0,0.0
10873_G_GEN1,1,1,27.5,0.0,0.0
10873_G_GEN1,1,2,27.5,0.0,0.0
10873_G_GEN1,1,3,27.5,0.0,0.0
10873_G_GEN1,1,4,27.5,0.0,0.0
10873_G_GEN1,1,5,27.5,0.0,0.0
10873_G_GEN1,1,6,27.5,0.0,0.0
10873_G_GEN1,1,7,27.5,0.0,0.0
10873_G_GEN1,1,8,18.094999999999978,0.0,0.0
10873_G_GEN1,1,9,11.0,0.0,0.0
10873_G_GEN1,1,10,11.0,0.0,0.0
10873_G_GEN1,1,11,11.0,0.0,0.0
10873_G_GEN1,1,12,11.0,0.0,0.0
10873_G_GEN1,1,13,18.095,0.0,0.0
10873_G_GEN1,1,14,27.5,0.0,0.0
10873_G_GEN1,1,15,27.5,0.0,0.0
10873_G_GEN1,1,16,27.5,0.0,0.0
10873_G_GEN1,1,17,27.5,0.0,0.0
10873_G_GEN1,1,18,27.5,0.0,0.0
10873_G_GEN1,1,19,27.5,0.0,0.0
10873_G_GEN1,1,20,27.5,0.0,0.0
10873_G_GEN1,1,21,27.5,0.0,0.0
10873_G_GEN1,1,22,27.5,0.0,0.0
10873_G_GEN1,1,23,27.5,0.0,0.0
10873_G_GEN1,1,24,27.5,0.0,0.0
10873_G_GEN1,1,25,27.5,0.0,0.0
10873_G_GEN2,1,1,27.0,0.0,0.0
10873_G_GEN2,1,2,27.0,0.0,0.0
10873_G_GEN2,1,3,27.0,0.0,0.0
10873_G_GEN2,1,4,27.0,0.0,0.0
10873_G_GEN2,1,5,27.0,0.0,0.0
10873_G_GEN2,1,6,27.0,0.0,0.0
10873_G_GEN2,1,7,27.0,0.0,0.0
10873_G_GEN2,1,8,17.765999999999984,0.0,0.0
10873_G_GEN2,1,9,10.8,0.0,0.0
10873_G_GEN2,1,10,10.8,0.0,0.0
10873_G_GEN2,1,11,10.8,0.0,0.0
10873_G_GEN2,1,12,10.8,0.0,0.0
10873_G_GEN2,1,13,17.766,0.0,0.0
10873_G_GEN2,1,14,27.0,0.0,0.0
10873_G_GEN2,1,15,27.0,0.0,0.0
10873_G_GEN2,1,16,27.0,0.0,0.0
10873_G_GEN2,1,17,27.0,0.0,0.0
10873_G_GEN2,1,18,27.0,0.0,0.0
10873_G_GEN2,1,19,27.0,0.0,0.0
10873_G_GEN2,1,20,27.0,0.0,0.0
10873_G_GEN2,1,21,27.0,0.0,0.0
10873_G_GEN2,1,22,27.0,0.0,0.0
10873_G_GEN2,1,23,27.0,0.0,0.0
10873_G_GEN2,1,24,27.0,0.0,0.0
10873_G_GEN2,1,25,27.0,0.0,0.0
10873_G_GEN3,1,1,26.7,0.0,0.0
10873_G_GEN3,1,2,26.7,0.0,0.0
10873_G_GEN3,1,3,26.7,0.0,0.0
10873_G_GEN3,1,4,26.7,0.0,0.0
10873_G_GEN3,1,5,26.7,0.0,0.0
10873_G_GEN3,1,6,26.7,0.0,0.0
10873_G_GEN3,1,7,26.7,0.0,0.0
10873_G_GEN3,1,8,17.56859999999999,0.0,0.0
10873_G_GEN3,1,9,10.68,0.0,0.0
10873_G_GEN3,1,10,10.68,0.0,0.0
10873_G_GEN3,1,11,10.68,0.0,0.0
10873_G_GEN3,1,12,10.68,0.0,0.0
10873_G_GEN3,1,13,17.5686,0.0,0.0
10873_G_GEN3,1,14,26.7,0.0,0.0
10873_G_GEN3,1,15,26.7,0.0,0.0
10873_G_GEN3,1,16,26.7,0.0,0.0
10873_G_GEN3,1,17,26.7,0.0,0.0
10873_G_GEN3,1,18,26.7,0.0,0.0
10873_G_GEN3,1,19,26.7,0.0,0.0
10873_G_GEN3,1,20,26.7,0.0,0.0
10873_G_GEN3,1,21,26.7,0.0,0.0
10873_G_GEN3,1,22,26.7,0.0,0.0
10873_G_GEN3,1,23,26.7,0.0,0.0
10873_G_GEN3,1,24,26.7,0.0,0.0
10873_G_GEN3,1,25,26.7,0.0,0.0
10874_G_GEN4,1,1,30.0,0.0,0.0
10874_G_GEN4,1,2,30.0,0.0,0.0
10874_G_GEN4,1,3,30.0,0.0,0.0
10874_G_GEN4,1,4,30.0,0.0,0.0
10874_G_GEN4,1,5,30.0,0.0,0.0
10874_G_GEN4,1,6,30.0,0.0,0.0
10874_G_GEN4,1,7,30.0,0.0,0.0
10874_G_GEN4,1,8,19.739999999999974,0.0,0.0
10874_G_GEN4,1,9,12.0,0.0,0.0
10874_G_GEN4,1,10,12.0,0.0,0.0
10874_G_GEN4,1,11,12.0,0.0,0.0
10874_G_GEN4,1,12,12.0,0.0,0.0
10874_G_GEN4,1,13,19.74,0.0,0.0
10874_G_GEN4,1,14,30.0,0.0,0.0
10874_G_GEN4,1,15,30.0,0.0,0.0
10874_G_GEN4,1,16,30.0,0.0,0.0
10874_G_GEN4,1,17,30.0,0.0,0.0
10874_G_GEN4,1,18,30.0,0.0,0.0
10874_G_GEN4,1,19,30.0,0.0,0.0
10874_G_GEN4,1,20,30.0,0.0,0.0
10874_G_GEN4,1,21,30.0,0.0,0.0
10874_G_GEN4,1,22,30.0,0.0,0.0
10874_G_GEN4,1,23,30.0,0.0,0.0
10874_G_GEN4,1,24,30.0,0.0,0.0
10874_G_GEN4,1,25,30.0,0.0,0.0
10874_G_GEN5,1,1,23.4,0.0,0.0
10874_G_GEN5,1,2,23.4,0.0,0.0
10874_G_GEN5,1,3,23.4,0.0,0.0
10874_G_GEN5,1,4,23.4,0.0,0.0
10874_G_GEN5,1,5,23.4,0.0,0.0
10874_G_GEN5,1,6,23.4,0.0,0.0
10874_G_GEN5,1,7,23.4,0.0,0.0
10874_G_GEN5,1,8,15.397199999999998,0.0,0.0
10874_G_GEN5,1,9,9.36,0.0,0.0
10874_G_GEN5,1,10,9.36,0.0,0.0
10874_G_GEN5,1,11,9.36,0.0,0.0
10874_G_GEN5,1,12,9.36,0.0,0.0
10874_G_GEN5,1,13,15.397199999999998,0.0,0.0
10874_G_GEN5,1,14,23.4,0.0,0.0
10874_G_GEN5,1,15,23.4,0.0,0.0
10874_G_GEN5,1,16,23.4,0.0,0.0
10874_G_GEN5,1,17,23.4,0.0,0.0
10874_G_GEN5,1,18,23.4,0.0,0.0
10874_G_GEN5,1,19,23.4,0.0,0.0
10874_G_GEN5,1,20,23.4,0.0,0.0
10874_G_GEN5,1,21,23.4,0.0,0.0
10874_G_GEN5,1,22,23.4,0.0,0.0
10874_G_GEN5,1,23,23.4,0.0,0.0
10874_G_GEN5,1,24,23.4,0.0,0.0
10874_G_GEN5,1,25,23.4,0.0,0.0
10874_G_GEN6,1,1,26.9,0.0,0.0
10874_G_GEN6,1,2,26.9,0.0,0.0
10874_G_GEN6,1,3,26.9,0.0,0.0
10874_G_GEN6,1,4,26.9,0.0,0.0
10874_G_GEN6,1,5,26.9,0.0,0.0
10874_G_GEN6,1,6,26.9,0.0,0.0
10874_G_GEN6,1,7,26.9,0.0,0.0
10874_G_GEN6,1,8,17.700199999999974,0.0,0.0
10874_G_GEN6,1,9,10.759999999999998,0.0,0.0
10874_G_GEN6,1,10,10.759999999999998,0.0,0.0
10874_G_GEN6,1,11,10.759999999999998,0.0,0.0
10874_G_GEN6,1,12,10.759999999999998,0.0,0.0
10874_G_GEN6,1,13,17.7002,0.0,0.0
10874_G_GEN6,1,14,26.9,0.0,0.0
10874_G_GEN6,1,15,26.9,0.0,0.0
10874_G_GEN6,1,16,26.9,0.0,0.0
10874_G_GEN6,1,17,26.9,0.0,0.0
10874_G_GEN6,1,18,26.9,0.0,0.0
10874_G_GEN6,1,19,26.9,0.0,0.0
10874_G_GEN6,1,20,26.9,0.0,0.0
10874_G_GEN6,1,21,26.9,0.0,0.0
10874_G_GEN6,1,22,26.9,0.0,0.0
10874_G_GEN6,1,23,26.9,0.0,0.0
10874_G_GEN6,1,24,26.9,0.0,0.0
10874_G_GEN6,1,25,26.9,0.0,0.0
10875_G_GEN7,1,1,21.8,0.0,0.0
10875_G_GEN7,1,2,21.8,0.0,0.0
10875_G_GEN7,1,3,21.8,0.0,0.0
10875_G_GEN7,1,4,21.8,0.0,0.0
10875_G_GEN7,1,5,21.8,0.0,0.0
10875_G_GEN7,1,6,21.8,0.0,0.0
10875_G_GEN7,1,7,21.8,0.0,0.0
10875_G_GEN7,1,8,14.34439999999998,0.0,0.0
10875_G_GEN7,1,9,8.72,0.0,0.0
10875_G_GEN7,1,10,8.72,0.0,0.0
10875_G_GEN7,1,11,8.72,0.0,0.0
10875_G_GEN7,1,12,8.72,0.0,0.0
10875_G_GEN7,1,13,14.3444,0.0,0.0
10875_G_GEN7,1,14,21.8,0.0,0.0
10875_G_GEN7,1,15,21.8,0.0,0.0
10875_G_GEN7,1,16,21.8,0.0,0.0
10875_G_GEN7,1,17,21.8,0.0,0.0
10875_G_GEN7,1,18,21.8,0.0,0.0
10875_G_GEN7,1,19,21.8,0.0,0.0
10875_G_GEN7,1,20,21.8,0.0,0.0
10875_G_GEN7,1,21,21.8,0.0,0.0
10875_G_GEN7,1,22,21.8,0.0,0.0
10875_G_GEN7,1,23,21.8,0.0,0.0
10875_G_GEN7,1,24,21.8,0.0,0.0
10875_G_GEN7,1,25,21.8,0.0,0.0
10875_G_GEN8,1,1,22.5,0.0,0.0
10875_G_GEN8,1,2,22.5,0.0,0.0
10875_G_GEN8,1,3,22.5,0.0,0.0
10875_G_GEN8,1,4,22.5,0.0,0.0
10875_G_GEN8,1,5,22.5,0.0,0.0
10875_G_GEN8,1,6,22.5,0.0,0.0
10875_G_GEN8,1,7,22.5,0.0,0.0
10875_G_GEN8,1,8,14.805,7.69500000000002,5.805000000000011
10875_G_GEN8,1,9,9.0,13.5,0.0
10875_G_GEN8,1,10,9.0,13.5,0.0
10875_G_GEN8,1,11,9.0,13.5,0.0
10875_G_GEN8,1,12,9.0,13.5,0.0
10875_G_GEN8,1,13,14.805,7.695,5.805000000000002
10875_G_GEN8,1,14,22.5,0.0,0.0
10875_G_GEN8,1,15,22.5,0.0,0.0
10875_G_GEN8,1,16,22.5,0.0,0.0
10875_G_GEN8,1,17,22.5,0.0,0.0
10875_G_GEN8,1,18,22.5,0.0,0.0
10875_G_GEN8,1,19,22.5,0.0,0.0
10875_G_GEN8,1,20,22.5,0.0,0.0
10875_G_GEN8,1,21,22.5,0.0,0.0
10875_G_GEN8,1,22,22.5,0.0,0.0
10875_G_GEN8,1,23,22.5,0.0,0.0
10875_G_GEN8,1,24,22.5,0.0,0.0
10875_G_GEN8,1,25,22.5,0.0,0.0
10875_G_GEN9,1,1,23.5,0.0,0.0
10875_G_GEN9,1,2,23.5,0.0,0.0
10875_G_GEN9,1,3,23.5,0.0,0.0
10875_G_GEN9,1,4,23.5,0.0,0.0
10875_G_GEN9,1,5,23.5,0.0,0.0
10875_G_GEN9,1,6,23.5,0.0,0.0
10875_G_GEN9,1,7,23.5,0.0,0.0
10875_G_GEN9,1,8,15.462999999999985,0.0,0.0
10875_G_GEN9,1,9,9.4,0.0,0.0
10875_G_GEN9,1,10,9.4,0.0,0.0
10875_G_GEN9,1,11,9.4,0.0,0.0
10875_G_GEN9,1,12,9.4,0.0,0.0
10875_G_GEN9,1,13,15.463,0.0,0.0
10875_G_GEN9,1,14,23.5,0.0,0.0
10875_G_GEN9,1,15,23.5,0.0,0.0
10875_G_GEN9,1,16,23.5,0.0,0.0
10875_G_GEN9,1,17,23.5,0.0,0.0
10875_G_GEN9,1,18,23.5,0.0,0.0
10875_G_GEN9,1,19,23.5,0.0,0.0
10875_G_GEN9,1,20,23.5,0.0,0.0
10875_G_GEN9,1,21,23.5,0.0,0.0
10875_G_GEN9,1,22,23.5,0.0,0.0
10875_G_GEN9,1,23,23.5,0.0,0.0
10875_G_GEN9,1,24,23.5,0.0,0.0
10875_G_GEN9,1,25,23.5,0.0,0.0
10878_G_EE11,1,1,10.0,0.0,0.0
10878_G_EE11,1,2,10.0,0.0,0.0
10878_G_EE11,1,3,10.0,0.0,0.0
10878_G_EE11,1,4,10.0,0.0,0.0
10878_G_EE11,1,5,10.0,0.0,0.0
10878_G_EE11,1,6,10.0,0.0,0.0
10878_G_EE11,1,7,10.0,0.0,0.0
10878_G_EE11,1,8,6.58,0.0,0.0
10878_G_EE11,1,9,4.0,0.0,0.0
10878_G_EE11,1,10,4.0,0.0,0.0
10878_G_EE11,1,11,4.0,0.0,0.0
10878_G_EE11,1,12,4.0,0.0,0.0
10878_G_EE11,1,13,6.58,0.0,0.0
10878_G_EE11,1,14,10.0,0.0,0.0
10878_G_EE11,1,15,10.0,0.0,0.0
10878_G_EE11,1,16,10.0,0.0,0.0
10878_G_EE11,1,17,10.0,0.0,0.0
10878_G_EE11,1,18,10.0,0.0,0.0
10878_G_EE11,1,19,10.0,0.0,0.0
10878_G_EE11,1,20,10.0,0.0,0.0
10878_G_EE11,1,21,10.0,0.0,0.0
10878_G_EE11,1,22,10.0,0.0,0.0
10878_G_EE11,1,23,10.0,0.0,0.0
10878_G_EE11,1,24,10.0,0.0,0.0
10878_G_EE11,1,25,10.0,0.0,0.0
10879_G_GEN1,1,1,10.0,0.0,0.0
10879_G_GEN1,1,2,10.0,0.0,0.0
10879_G_GEN1,1,3,10.0,0.0,0.0
10879_G_GEN1,1,4,10.0,0.0,0.0
10879_G_GEN1,1,5,10.0,0.0,0.0
10879_G_GEN1,1,6,10.0,0.0,0.0
10879_G_GEN1,1,7,10.0,0.0,0.0
10879_G_GEN1,1,8,6.58,3.42,2.5800000000000014
10879_G_GEN1,1,9,4.0,6.0,0.0
10879_G_GEN1,1,10,4.0,6.0,0.0
10879_G_GEN1,1,11,4.0,6.0,0.0
10879_G_GEN1,1,12,4.0,6.0,0.0
10879_G_GEN1,1,13,6.58,3.42,2.58
10879_G_GEN1,1,14,10.0,0.0,0.0
10879_G_GEN1,1,15,10.0,0.0,0.0
10879_G_GEN1,1,16,10.0,0.0,0.0
10879_G_GEN1,1,17,10.0,0.0,0.0
10879_G_GEN1,1,18,10.0,0.0,0.0
10879_G_GEN1,1,19,10.0,0.0,0.0
10879_G_GEN1,1,20,10.0,0.0,0.0
10879_G_GEN1,1,21,10.0,0.0,0.0
10879_G_GEN1,1,22,10.0,0.0,0.0
10879_G_GEN1,1,23,10.0,0.0,0.0
10879_G_GEN1,1,24,10.0,0.0,0.0
10879_G_GEN1,1,25,10.0,0.0,0.0
10879_G_GEN2,1,1,4.0,0.0,0.0
10879_G_GEN2,1,2,4.0,0.0,0.0
10879_G_GEN2,1,3,4.0,0.0,0.0
10879_G_GEN2,1,4,4.0,0.0,0.0
10879_G_GEN2,1,5,4.0,0.0,0.0
10879_G_GEN2,1,6,4.0,0.0,0.0
10879_G_GEN2,1,7,4.0,0.0,0.0
10879_G_GEN2,1,8,2.632,1.3679999999999999,1.032
10879_G_GEN2,1,9,2.9680000000000017,1.032,1.3680000000000037
10879_G_GEN2,1,10,1.6,2.4,0.0
10879_G_GEN2,1,11,1.6,2.4,0.0
10879_G_GEN2,1,12,1.6,2.4,0.0
10879_G_GEN2,1,13,2.6320000000000014,1.3680000000000003,1.0320000000000034
10879_G_GEN2,1,14,4.0,0.0,0.0
10879_G_GEN2,1,15,4.0,0.0,0.0
10879_G_GEN2,1,16,4.0,0.0,0.0
10879_G_GEN2,1,17,4.0,0.0,0.0
10879_G_GEN2,1,18,4.0,0.0,0.0
10879_G_GEN2,1,19,4.0,0.0,0.0
10879_G_GEN2,1,20,4.0,0.0,0.0
10879_G_GEN2,1,21,4.0,0.0,0.0
10879_G_GEN2,1,22,4.0,0.0,0.0
10879_G_GEN2,1,23,4.0,0.0,0.0
10879_G_GEN2,1,24,4.0,0.0,0.0
10879_G_GEN2,1,25,4.0,0.0,0.0
10879_G_GEN3,1,1,2.1,0.0,0.0
10879_G_GEN3,1,2,2.1,0.0,0.0
10879_G_GEN3,1,3,2.1,0.0,0.0
10879_G_GEN3,1,4,2.1,0.0,0.0
10879_G_GEN3,1,5,2.1,0.0,0.0
10879_G_GEN3,1,6,2.1,0.0,0.0
10879_G_GEN3,1,7,2.1,0.0,0.0
10879_G_GEN3,1,8,1.3817999999999944,0.0,0.0
10879_G_GEN3,1,9,0.8400000000000001,0.0,0.0
10879_G_GEN3,1,10,0.8400000000000001,0.0,0.0
10879_G_GEN3,1,11,0.8400000000000001,0.0,0.0
10879_G_GEN3,1,12,0.8400000000000001,0.0,0.0
10879_G_GEN3,1,13,1.3818000000000001,0.0,0.0
10879_G_GEN3,1,14,2.1,0.0,0.0
10879_G_GEN3,1,15,2.1,0.0,0.0
10879_G_GEN3,1,16,2.1,0.0,0.0
10879_G_GEN3,1,17,2.1,0.0,0.0
10879_G_GEN3,1,18,2.1,0.0,0.0
10879_G_GEN3,1,19,2.1,0.0,0.0
10879_G_GEN3,1,20,2.1,0.0,0.0
10879_G_GEN3,1,21,2.1,0.0,0.0
10879_G_GEN3,1,22,2.1,0.0,0.0
10879_G_GEN3,1,23,2.1,0.0,0.0
10879_G_GEN3,1,24,2.1,0.0,0.0
10879_G_GEN3,1,25,2.1,0.0,0.0
151_G_1,1,1,0.0,0.0,0.0
151_G_1,1,2,0.0,0.0,0.0
151_G_1,1,3,0.0,0.0,0.0
151_G_1,1,4,0.0,0.0,0.0
151_G_1,1,5,0.0,0.0,0.0
151_G_1,1,6,0.0,0.0,0.0
151_G_1,1,7,0.0,0.0,0.0
151_G_1,1,8,0.0,0.0,0.0
151_G_1,1,9,0.0,0.0,0.0
151_G_1,1,10,0.0,0.0,0.0
151_G_1,1,11,0.0,0.0,0.0
151_G_1,1,12,0.0,0.0,0.0
151_G_1,1,13,0.0,0.0,0.0
151_G_1,1,14,0.0,0.0,0.0
151_G_1,1,15,0.0,0.0,0.0
151_G_1,1,16,0.0,0.0,0.0
151_G_1,1,17,0.0,0.0,0.0
151_G_1,1,18,0.0,0.0,0.0
151_G_1,1,19,0.0,0.0,0.0
151_G_1,1,20,0.0,0.0,0.0
151_G_1,1,21,0.0,0.0,0.0
151_G_1,1,22,0.0,0.0,0.0
151_G_1,1,23,0.0,0.0,0.0
151_G_1,1,24,0.0,0.0,0.0
151_G_1,1,25,0.0,0.0,0.0
246_G_IC1,1,1,0.0,0.0,0.0
246_G_IC1,1,2,0.0,0.0,0.0
246_G_IC1,1,3,0.0,0.0,0.0
246_G_IC1,1,4,0.0,0.0,0.0
246_G_IC1,1,5,0.0,0.0,0.0
246_G_IC1,1,6,0.0,0.0,0.0
246_G_IC1,1,7,0.0,0.0,0.0
246_G_IC1,1,8,0.0,0.0,0.0
246_G_IC1,1,9,0.0,0.0,0.0
246_G_IC1,1,10,0.0,0.0,0.0
246_G_IC1,1,11,0.0,0.0,0.0
246_G_IC1,1,12,0.0,0.0,0.0
246_G_IC1,1,13,0.0,0.0,0.0
246_G_IC1,1,14,0.0,0.0,0.0
246_G_IC1,1,15,0.0,0.0,0.0
246_G_IC1,1,16,0.0,0.0,0.0
246_G_IC1,1,17,0.0,0.0,0.0
246_G_IC1,1,18,0.0,0.0,0.0
246_G_IC1,1,19,0.0,0.0,0.0
246_G_IC1,1,20,0.0,0.0,0.0
246_G_IC1,1,21,0.0,0.0,0.0
246_G_IC1,1,22,0.0,0.0,0.0
246_G_IC1,1,23,0.0,0.0,0.0
246_G_IC1,1,24,0.0,0.0,0.0
246_G_IC1,1,25,0.0,0.0,0.0
260_G_CT1A,1,1,66.0,0.0,0.0
260_G_CT1A,1,2,66.0,0.0,0.0
260_G_CT1A,1,3,66.0,0.0,0.0
260_G_CT1A,1,4,66.0,0.0,0.0
260_G_CT1A,1,5,66.0,0.0,0.0
260_G_CT1A,1,6,66.0,0.0,0.0
260_G_CT1A,1,7,66.0,0.0,0.0
260_G_CT1A,1,8,66.0,0.0,0.0
260_G_CT1A,1,9,66.0,0.0,0.0
260_G_CT1A,1,10,66.0,0.0,0.0
260_G_CT1A,1,11,66.0,0.0,0.0
260_G_CT1A,1,12,66.0,0.0,0.0
260_G_CT1A,1,13,66.0,0.0,0.0
260_G_CT1A,1,14,66.0,0.0,0.0
260_G_CT1A,1,15,66.0,0.0,0.0
260_G_CT1A,1,16,66.0,0.0,0.0
260_G_CT1A,1,17,66.0,0.0,0.0
260_G_CT1A,1,18,112.53,0.0,0.0
260_G_CT1A,1,19,165.0,0.0,0.0
260_G_CT1A,1,20,165.0,0.0,0.0
260_G_CT1A,1,21,165.0,0.0,0.0
260_G_CT1A,1,22,165.0,0.0,0.0
260_G_CT1A,1,23,165.0,0.0,0.0
260_G_CT1A,1,24,165.0,0.0,0.0
260_G_CT1A,1,25,66.0,0.0,0.0
260_G_CT1B,1,1,66.0,0.0,0.0
260_G_CT1B,1,2,66.0,0.0,0.0
260_G_CT1B,1,3,66.0,0.0,0.0
260_G_CT1B,1,4,66.0,0.0,0.0
260_G_CT1B,1,5,66.0,0.0,0.0
260_G_CT1B,1,6,66.0,0.0,0.0
260_G_CT1B,1,7,66.0,0.0,0.0
260_G_CT1B,1,8,66.0,0.0,0.0
260_G_CT1B,1,9,66.0,0.0,0.0
260_G_CT1B,1,10,66.0,0.0,0.0
260_G_CT1B,1,11,66.0,0.0,0.0
260_G_CT1B,1,12,66.0,0.0,0.0
260_G_CT1B,1,13,66.0,0.0,0.0
260_G_CT1B,1,14,66.0,0.0,0.0
260_G_CT1B,1,15,66.0,0.0,0.0
260_G_CT1B,1,16,66.0,0.0,0.0
260_G_CT1B,1,17,66.0,0.0,0.0
260_G_CT1B,1,18,112.53,0.0,0.0
260_G_CT1B,1,19,165.0,0.0,0.0
260_G_CT1B,1,20,165.0,0.0,0.0
260_G_CT1B,1,21,165.0,0.0,0.0
260_G_CT1B,1,22,165.0,0.0,0.0
260_G_CT1B,1,23,165.0,0.0,0.0
260_G_CT1B,1,24,165.0,0.0,0.0
260_G_CT1B,1,25,66.0,0.0,0.0
260_G_CT2A,1,1,66.0,0.0,0.0
260_G_CT2A,1,2,66.0,0.0,0.0
260_G_CT2A,1,3,66.0,0.0,0.0
260_G_CT2A,1,4,66.0,0.0,0.0
260_G_CT2A,1,5,66.0,0.0,0.0
260_G_CT2A,1,6,66.0,0.0,0.0
260_G_CT2A,1,7,66.0,0.0,0.0
260_G_CT2A,1,8,66.0,0.0,0.0
260_G_CT2A,1,9,66.0,0.0,0.0
260_G_CT2A,1,10,66.0,0.0,0.0
260_G_CT2A,1,11,66.0,0.0,0.0
260_G_CT2A,1,12,66.0,0.0,0.0
260_G_CT2A,1,13,66.0,0.0,0.0
260_G_CT2A,1,14,66.0,0.0,0.0
260_G_CT2A,1,15,66.0,0.0,0.0
260_G_CT2A,1,16,66.0,0.0,0.0
260_G_CT2A,1,17,66.0,0.0,0.0
260_G_CT2A,1,18,112.53,0.0,0.0
260_G_CT2A,1,19,165.0,0.0,0.0
260_G_CT2A,1,20,165.0,0.0,0.0
260_G_CT2A,1,21,165.0,0.0,0.0
260_G_CT2A,1,22,165.0,0.0,0.0
260_G_CT2A,1,23,165.0,0.0,0.0
260_G_CT2A,1,24,165.0,0.0,0.0
260_G_CT2A,1,25,66.0,0.0,0.0
260_G_CT2B,1,1,66.0,0.0,0.0
260_G_CT2B,1,2,66.0,0.0,0.0
260_G_CT2B,1,3,66.0,0.0,0.0
260_G_CT2B,1,4,66.0,0.0,0.0
260_G_CT2B,1,5,66.0,0.0,0.0
260_G_CT2B,1,6,66.0,0.0,0.0
260_G_CT2B,1,7,66.0,0.0,0.0
260_G_CT2B,1,8,66.0,0.0,0.0
260_G_CT2B,1,9,66.0,0.0,0.0
260_G_CT2B,1,10,66.0,0.0,0.0
260_G_CT2B,1,11,66.0,0.0,0.0
260_G_CT2B,1,12,66.0,0.0,0.0
260_G_CT2B,1,13,66.0,0.0,0.0
260_G_CT2B,1,14,66.0,0.0,0.0
260_G_CT2B,1,15,66.0,0.0,0.0
260_G_CT2B,1,16,66.0,0.0,0.0
260_G_CT2B,1,17,66.0,0.0,0.0
260_G_CT2B,1,18,112.53,0.0,0.0
260_G_CT2B,1,19,165.0,0.0,0.0
260_G_CT2B,1,20,165.0,0.0,0.0
260_G_CT2B,1,21,165.0,0.0,0.0
260_G_CT2B,1,22,165.0,0.0,0.0
260_G_CT2B,1,23,165.0,0.0,0.0
260_G_CT2B,1,24,165.0,0.0,0.0
260_G_CT2B,1,25,66.0,0.0,0.0
260_G_ST1,1,1,72.0,0.0,0.0
260_G_ST1,1,2,72.0,0.0,0.0
260_G_ST1,1,3,72.0,0.0,0.0
260_G_ST1,1,4,72.0,0.0,0.0
260_G_ST1,1,5,72.0,0.0,0.0
260_G_ST1,1,6,72.0,0.0,0.0
260_G_ST1,1,7,72.0,0.0,0.0
260_G_ST1,1,8,72.0,0.0,0.0
260_G_ST1,1,9,72.0,0.0,0.0
260_G_ST1,1,10,72.0,0.0,0.0
260_G_ST1,1,11,72.0,0.0,0.0
260_G_ST1,1,12,72.0,0.0,0.0
260_G_ST1,1,13,72.0,0.0,0.0
260_G_ST1,1,14,72.0,0.0,0.0
260_G_ST1,1,15,72.0,0.0,0.0
260_G_ST1,1,16,120.35045277043469,0.0,0.0
260_G_ST1,1,17,72.0,0.0,0.0
260_G_ST1,1,18,122.75999999999999,0.0,0.0
260_G_ST1,1,19,180.0,0.0,0.0
260_G_ST1,1,20,180.0,0.0,0.0
260_G_ST1,1,21,180.0,0.0,0.0
260_G_ST1,1,22,180.0,0.0,0.0
260_G_ST1,1,23,180.0,0.0,0.0
260_G_ST1,1,24,180.0,0.0,0.0
260_G_ST1,1,25,72.0,0.0,0.0
260_G_ST2,1,1,72.0,0.0,0.0
260_G_ST2,1,2,72.0,0.0,0.0
260_G_ST2,1,3,72.0,0.0,0.0
260_G_ST2,1,4,72.0,0.0,0.0
260_G_ST2,1,5,72.0,0.0,0.0
260_G_ST2,1,6,72.0,0.0,0.0
260_G_ST2,1,7,72.00000000000016,0.0,0.0
260_G_ST2,1,8,72.0,0.0,0.0
260_G_ST2,1,9,72.0,0.0,0.0
260_G_ST2,1,10,72.0,0.0,0.0
260_G_ST2,1,11,72.0,0.0,0.0
260_G_ST2,1,12,72.0,0.0,0.0
260_G_ST2,1,13,72.0,0.0,0.0
260_G_ST2,1,14,72.0,0.0,0.0
260_G_ST2,1,15,72.0,0.0,0.0
260_G_ST2,1,16,72.0,0.0,0.0
260_G_ST2,1,17,72.0,0.0,0.0
260_G_ST2,1,18,122.75999999999999,0.0,0.0
260_G_ST2,1,19,180.0,0.0,0.0
260_G_ST2,1,20,180.0,0.0,0.0
260_G_ST2,1,21,180.0,0.0,0.0
260_G_ST2,1,22,180.0,0.0,0.0
260_G_ST2,1,23,180.0,0.0,0.0
260_G_ST2,1,24,180.0,0.0,0.0
260_G_ST2,1,25,72.0,0.0,0.0
286_G_U11,1,1,68.0,0.0,40.79999999999999
286_G_U11,1,2,68.0,0.0,40.79999999999999
286_G_U11,1,3,68.0,0.0,40.79999999999999
286_G_U11,1,4,68.0,0.0,40.79999999999999
286_G_U11,1,5,68.0,0.0,40.79999999999999
286_G_U11,1,6,68.0,0.0,40.79999999999999
286_G_U11,1,7,68.0,0.0,40.79999999999999
286_G_U11,1,8,44.744,23.256,17.54399999999999
286_G_U11,1,9,67.99999999984695,0.0,40.79999999984693
286_G_U11,1,10,68.0,0.0,40.79999999999999
286_G_U11,1,11,68.0,0.0,40.79999999999999
286_G_U11,1,12,68.0,0.0,40.79999999999999
286_G_U11,1,13,44.744,23.256,17.544
286_G_U11,1,14,68.0,0.0,40.79999999999999
286_G_U11,1,15,68.0,0.0,40.79999999999999
286_G_U11,1,16,68.0,0.0,40.79999999999999
286_G_U11,1,17,68.0,0.0,40.79999999999999
286_G_U11,1,18,68.0,0.0,40.79999999999999
286_G_U11,1,19,68.0,0.0,40.79999999999999
286_G_U11,1,20,68.0,0.0,40.79999999999999
286_G_U11,1,21,68.0,0.0,40.79999999999999
286_G_U11,1,22,68.0,0.0,40.79999999999999
286_G_U11,1,23,68.0,0.0,40.79999999999999
286_G_U11,1,24,68.0,0.0,40.79999999999999
286_G_U11,1,25,68.0,0.0,40.79999999999999
286_G_U12,1,1,51.0,0.0,0.0
286_G_U12,1,2,51.0,0.0,0.0
286_G_U12,1,3,51.0,0.0,0.0
286_G_U12,1,4,51.0,0.0,0.0
286_G_U12,1,5,51.0,0.0,0.0
286_G_U12,1,6,51.0,0.0,0.0
286_G_U12,1,7,51.0,0.0,0.0
286_G_U12,1,8,33.55799999999995,0.0,0.0
286_G_U12,1,9,20.4,0.0,0.0
286_G_U12,1,10,20.4,0.0,0.0
286_G_U12,1,11,20.4,0.0,0.0
286_G_U12,1,12,20.4,0.0,0.0
286_G_U12,1,13,33.558,0.0,0.0
286_G_U12,1,14,51.0,0.0,0.0
286_G_U12,1,15,51.0,0.0,0.0
286_G_U12,1,16,51.0,0.0,0.0
286_G_U12,1,17,51.0,0.0,0.0
286_G_U12,1,18,51.0,0.0,0.0
286_G_U12,1,19,51.0,0.0,0.0
286_G_U12,1,20,51.0,0.0,0.0
286_G_U12,1,21,51.0,0.0,0.0
286_G_U12,1,22,51.0,0.0,0.0
286_G_U12,1,23,51.0,0.0,0.0
286_G_U12,1,24,51.0,0.0,0.0
286_G_U12,1,25,51.0,0.0,0.0
286_G_U13,1,1,65.0,0.0,0.0
286_G_U13,1,2,65.0,0.0,0.0
286_G_U13,1,3,65.0,0.0,0.0
286_G_U13,1,4,65.0,0.0,0.0
286_G_U13,1,5,64.99999999999824,0.0,0.0
286_G_U13,1,6,65.0,0.0,0.0
286_G_U13,1,7,65.0,0.0,0.0
286_G_U13,1,8,42.76999999999995,0.0,13.501569337392315
286_G_U13,1,9,26.0,39.0,0.0
286_G_U13,1,10,26.0,18.452038089660107,0.0
286_G_U13,1,11,26.0,16.727661862056756,0.0
286_G_U13,1,12,26.0,24.823925005145647,0.0
286_G_U13,1,13,42.769999999999996,1.129601235269222,16.769999999999996
286_G_U13,1,14,65.0,0.0,0.0
286_G_U13,1,15,65.0,0.0,0.0
286_G_U13,1,16,65.0,0.0,0.0
286_G_U13,1,17,65.0,0.0,0.0
286_G_U13,1,18,65.0,0.0,0.0
286_G_U13,1,19,65.0,0.0,0.0
286_G_U13,1,20,65.0,0.0,0.0
286_G_U13,1,21,65.0,0.0,0.0
286_G_U13,1,22,65.0,0.0,0.0
286_G_U13,1,23,65.0,0.0,0.0
286_G_U13,1,24,65.0,0.0,0.0
286_G_U13,1,25,65.0,0.0,0.0
286_G_U14,1,1,60.0,0.0,0.0
286_G_U14,1,2,60.0,0.0,0.0
286_G_U14,1,3,60.0,0.0,0.0
286_G_U14,1,4,60.0,0.0,0.0
286_G_U14,1,5,60.0,0.0,0.0
286_G_U14,1,6,60.0,0.0,0.0
286_G_U14,1,7,60.0,0.0,0.0
286_G_U14,1,8,39.47999999999995,0.0,0.0
286_G_U14,1,9,24.0,0.0,0.0
286_G_U14,1,10,24.0,0.0,0.0
286_G_U14,1,11,24.0,0.0,0.0
286_G_U14,1,12,24.0,0.0,0.0
286_G_U14,1,13,39.47999999999997,0.0,0.0
286_G_U14,1,14,60.0,0.0,0.0
286_G_U14,1,15,60.0,0.0,0.0
286_G_U14,1,16,60.0,0.0,0.0
286_G_U14,1,17,60.0,0.0,0.0
286_G_U14,1,18,60.0,0.0,0.0
286_G_U14,1,19,60.0,0.0,0.0
286_G_U14,1,20,60.0,0.0,0.0
286_G_U14,1,21,60.0,0.0,0.0
286_G_U14,1,22,60.0,0.0,0.0
286_G_U14,1,23,60.0,0.0,0.0
286_G_U14,1,24,60.0,0.0,0.0
286_G_U14,1,25,60.0,0.0,0.0
286_G_U16,1,1,60.0,0.0,0.0
286_G_U16,1,2,60.0,0.0,0.0
286_G_U16,1,3,60.0,0.0,0.0
286_G_U16,1,4,60.0,0.0,0.0
286_G_U16,1,5,60.0,0.0,0.0
286_G_U16,1,6,60.0,0.0,0.0
286_G_U16,1,7,60.0,0.0,0.0
286_G_U16,1,8,39.479999999999976,0.0,0.0
286_G_U16,1,9,24.0,0.016273793127881575,0.0
286_G_U16,1,10,24.0,0.0,0.0
286_G_U16,1,11,24.0,0.0,0.0
286_G_U16,1,12,24.0,0.0,0.0
286_G_U16,1,13,39.479999999999976,0.0,5.8340681078139625
286_G_U16,1,14,60.0,0.0,0.0
286_G_U16,1,15,60.0,0.0,0.0
286_G_U16,1,16,60.0,0.0,0.0
286_G_U16,1,17,60.0,0.0,0.0
286_G_U16,1,18,60.0,0.0,0.0
286_G_U16,1,19,60.0,0.0,0.0
286_G_U16,1,20,60.0,0.0,0.0
286_G_U16,1,21,60.0,0.0,0.0
286_G_U16,1,22,60.0,0.0,0.0
286_G_U16,1,23,60.0,0.0,0.0
286_G_U16,1,24,60.0,0.0,0.0
286_G_U16,1,25,60.0,0.0,0.0
286_G_U17,1,1,60.0,0.0,0.0
286_G_U17,1,2,60.0,0.0,0.0
286_G_U17,1,3,60.0,0.0,0.0
286_G_U17,1,4,60.0,0.0,0.0
286_G_U17,1,5,60.0,0.0,0.0
286_G_U17,1,6,60.0,0.0,0.0
286_G_U17,1,7,60.0,0.0,0.0
286_G_U17,1,8,39.479999999999976,0.0,0.0
286_G_U17,1,9,24.0,0.0,0.0
286_G_U17,1,10,24.0,0.0,0.0
286_G_U17,1,11,24.0,0.0,0.0
286_G_U17,1,12,24.0,0.0,0.0
286_G_U17,1,13,39.48,0.0,0.0
286_G_U17,1,14,60.0,0.0,0.0
286_G_U17,1,15,60.0,0.0,0.0
286_G_U17,1,16,60.0,0.0,0.0
286_G_U17,1,17,60.0,0.0,0.0
286_G_U17,1,18,60.0,0.0,0.0
286_G_U17,1,19,60.0,0.0,0.0
286_G_U17,1,20,60.0,0.0,0.0
286_G_U17,1,21,60.0,0.0,0.0
286_G_U17,1,22,60.0,0.0,0.0
286_G_U17,1,23,60.0,0.0,0.0
286_G_U17,1,24,60.0,0.0,0.0
286_G_U17,1,25,60.0,0.0,0.0
286_G_U18,1,1,60.0,0.0,0.0
286_G_U18,1,2,60.0,0.0,0.0
286_G_U18,1,3,60.0,0.0,0.0
286_G_U18,1,4,60.0,0.0,0.0
286_G_U18,1,5,60.0,0.0,0.0
286_G_U18,1,6,60.0,0.0,0.0
286_G_U18,1,7,60.0,0.0,0.0
286_G_U18,1,8,39.47999999999995,0.0,0.0
286_G_U18,1,9,24.0,0.0,0.0
286_G_U18,1,10,24.0,0.0,0.0
286_G_U18,1,11,24.0,0.0,0.0
286_G_U18,1,12,24.0,0.0,0.0
286_G_U18,1,13,39.48,0.0,0.0
286_G_U18,1,14,60.0,0.0,0.0
286_G_U18,1,15,60.0,0.0,0.0
286_G_U18,1,16,60.0,0.0,0.0
286_G_U18,1,17,60.0,0.0,0.0
286_G_U18,1,18,60.0,0.0,0.0
286_G_U18,1,19,60.0,0.0,0.0
286_G_U18,1,20,60.0,0.0,0.0
286_G_U18,1,21,60.0,0.0,0.0
286_G_U18,1,22,60.0,0.0,0.0
286_G_U18,1,23,60.0,0.0,0.0
286_G_U18,1,24,60.0,0.0,0.0
286_G_U18,1,25,60.0,0.0,0.0
286_G_U20,1,1,50.0,0.0,0.0
286_G_U20,1,2,50.0,0.0,0.0
286_G_U20,1,3,50.0,0.0,0.0
286_G_U20,1,4,50.0,0.0,0.0
286_G_U20,1,5,50.0,0.0,0.0
286_G_U20,1,6,50.0,0.0,0.0
286_G_U20,1,7,50.0,0.0,0.0
286_G_U20,1,8,32.89999999999995,10.169245146335555,12.899999999999949
286_G_U20,1,9,20.0,30.0,0.0
286_G_U20,1,10,20.0,30.0,0.0
286_G_U20,1,11,20.0,30.0,0.0
286_G_U20,1,12,20.0,30.0,0.0
286_G_U20,1,13,32.9,17.10000000000002,12.900000000000027
286_G_U20,1,14,50.0,0.0,0.0
286_G_U20,1,15,50.0,0.0,0.0
286_G_U20,1,16,50.0,0.0,0.0
286_G_U20,1,17,50.0,0.0,0.0
286_G_U20,1,18,50.0,0.0,0.0
286_G_U20,1,19,50.0,0.0,0.0
286_G_U20,1,20,50.0,0.0,0.0
286_G_U20,1,21,50.0,0.0,0.0
286_G_U20,1,22,50.0,0.0,0.0
286_G_U20,1,23,50.0,0.0,0.0
286_G_U20,1,24,50.0,0.0,0.0
286_G_U20,1,25,50.0,0.0,0.0
286_G_U5,1,1,45.0,0.0,12.030309328135427
286_G_U5,1,2,45.0,0.0,9.923562668160006
286_G_U5,1,3,45.0,0.0,9.028473711274078
286_G_U5,1,4,45.0,0.0,8.34538285759648
286_G_U5,1,5,45.0,0.0,9.416677295924334
286_G_U5,1,6,45.0,0.0,10.022566011797014
286_G_U5,1,7,45.0,0.0,27.0
286_G_U5,1,8,29.60999999999984,15.3900000000002,11.60999999999984
286_G_U5,1,9,44.99999999984694,0.0,26.999999999846942
286_G_U5,1,10,45.0,0.0,27.0
286_G_U5,1,11,45.0,0.0,27.0
286_G_U5,1,12,45.0,0.0,27.0
286_G_U5,1,13,29.61,15.39000000000004,11.610000000000019
286_G_U5,1,14,45.0,0.0,27.0
286_G_U5,1,15,45.0,0.0,27.0
286_G_U5,1,16,45.0,0.0,27.0
286_G_U5,1,17,45.0,0.0,27.0
286_G_U5,1,18,45.0,0.0,27.0
286_G_U5,1,19,45.0,0.0,27.0
286_G_U5,1,20,45.0,0.0,27.0
286_G_U5,1,21,45.0,0.0,26.999999999999982
286_G_U5,1,22,45.0,0.0,27.0
286_G_U5,1,23,45.0,0.0,27.0
286_G_U5,1,24,45.0,0.0,27.0
286_G_U5,1,25,45.0,0.0,8.532419496101571
286_G_U6,1,1,45.0,0.0,0.0
286_G_U6,1,2,45.0,0.0,0.0
286_G_U6,1,3,45.0,0.0,0.0
286_G_U6,1,4,45.0,0.0,0.0
286_G_U6,1,5,45.0,0.0,0.0
286_G_U6,1,6,45.0,0.0,0.0
286_G_U6,1,7,45.0,0.0,0.0
286_G_U6,1,8,29.60999999999996,0.0,0.0
286_G_U6,1,9,18.0,0.0,0.0
286_G_U6,1,10,18.0,0.0,0.0
286_G_U6,1,11,18.0,0.0,0.0
286_G_U6,1,12,18.0,0.0,0.0
286_G_U6,1,13,29.61,0.0,0.0
286_G_U6,1,14,45.0,0.0,0.0
286_G_U6,1,15,45.0,0.0,0.0
286_G_U6,1,16,45.0,0.0,0.0
286_G_U6,1,17,45.0,0.0,0.0
286_G_U6,1,18,45.0,0.0,0.0
286_G_U6,1,19,45.0,0.0,0.0
286_G_U6,1,20,45.0,0.0,0.0
286_G_U6,1,21,45.0,0.0,0.0
286_G_U6,1,22,45.0,0.0,0.0
286_G_U6,1,23,45.0,0.0,0.0
286_G_U6,1,24,45.0,0.0,0.0
286_G_U6,1,25,45.0,0.0,0.0
286_G_U7,1,1,40.0,0.0,24.0
286_G_U7,1,2,40.0,0.0,24.0
286_G_U7,1,3,40.0,0.0,24.0
286_G_U7,1,4,40.0,0.0,24.0
286_G_U7,1,5,40.0,0.0,24.0
286_G_U7,1,6,40.0,0.0,23.999999999999996
286_G_U7,1,7,40.0,0.0,24.0
286_G_U7,1,8,26.319999999999904,13.68000000000012,10.319999999999924
286_G_U7,1,9,39.99999999984694,0.0,23.999999999846942
286_G_U7,1,10,40.0,0.0,24.0
286_G_U7,1,11,40.0,0.0,24.0
286_G_U7,1,12,39.99999999989387,0.0,23.999999999893873
286_G_U7,1,13,26.32,13.680000000000039,10.32000000000002
286_G_U7,1,14,40.0,0.0,24.0
286_G_U7,1,15,40.0,0.0,24.0
286_G_U7,1,16,40.0,0.0,24.0
286_G_U7,1,17,40.0,0.0,24.0
286_G_U7,1,18,40.0,0.0,24.0
286_G_U7,1,19,40.0,0.0,24.0
286_G_U7,1,20,40.0,0.0,24.0
286_G_U7,1,21,40.0,0.0,24.0
286_G_U7,1,22,40.0,0.0,24.0
286_G_U7,1,23,40.0,0.0,24.0
286_G_U7,1,24,40.0,0.0,24.0
286_G_U7,1,25,40.0,0.0,24.0
286_G_U8,1,1,40.0,0.0,0.0
286_G_U8,1,2,40.0,0.0,0.0
286_G_U8,1,3,40.0,0.0,0.0
286_G_U8,1,4,40.0,0.0,0.0
286_G_U8,1,5,40.0,0.0,0.0
286_G_U8,1,6,40.0,0.0,0.0
286_G_U8,1,7,40.0,0.0,0.0
286_G_U8,1,8,26.31999999999996,0.0,0.0
286_G_U8,1,9,16.0,0.0,0.0
286_G_U8,1,10,16.0,0.0,0.0
286_G_U8,1,11,16.0,0.0,0.0
286_G_U8,1,12,16.0,0.0,0.0
286_G_U8,1,13,26.32,0.0,0.0
286_G_U8,1,14,40.0,0.0,0.0
286_G_U8,1,15,40.0,0.0,0.0
286_G_U8,1,16,40.0,0.0,0.0
286_G_U8,1,17,40.0,0.0,0.0
286_G_U8,1,18,40.0,0.0,0.0
286_G_U8,1,19,40.0,0.0,0.0
286_G_U8,1,20,40.0,0.0,0.0
286_G_U8,1,21,40.0,0.0,0.0
286_G_U8,1,22,40.0,0.0,0.0
286_G_U8,1,23,40.0,0.0,0.0
286_G_U8,1,24,40.0,0.0,0.0
286_G_U8,1,25,40.0,0.0,0.0
341_G_CT3,1,1,0.0,0.0,0.0
341_G_CT3,1,2,0.0,0.0,0.0
341_G_CT3,1,3,0.0,0.0,0.0
341_G_CT3,1,4,0.0,0.0,0.0
341_G_CT3,1,5,0.0,0.0,0.0
341_G_CT3,1,6,0.0,0.0,0.0
341_G_CT3,1,7,0.0,0.0,0.0
341_G_CT3,1,8,0.0,0.0,0.0
341_G_CT3,1,9,0.0,0.0,0.0
341_G_CT3,1,10,0.0,0.0,0.0
341_G_CT3,1,11,0.0,0.0,0.0
341_G_CT3,1,12,0.0,0.0,0.0
341_G_CT3,1,13,0.0,0.0,0.0
341_G_CT3,1,14,0.0,0.0,0.0
341_G_CT3,1,15,0.0,0.0,0.0
341_G_CT3,1,16,0.0,0.0,0.0
341_G_CT3,1,17,0.0,0.0,0.0
341_G_CT3,1,18,0.0,0.0,0.0
341_G_CT3,1,19,0.0,0.0,0.0
341_G_CT3,1,20,0.0,0.0,0.0
341_G_CT3,1,21,0.0,0.0,0.0
341_G_CT3,1,22,0.0,0.0,0.0
341_G_CT3,1,23,0.0,0.0,0.0
341_G_CT3,1,24,0.0,0.0,0.0
341_G_CT3,1,25,0.0,0.0,0.0
358_G_MV3A,1,1,0.0,0.0,0.0
358_G_MV3A,1,2,0.0,0.0,0.0
358_G_MV3A,1,3,0.0,0.0,0.0
358_G_MV3A,1,4,0.0,0.0,0.0
358_G_MV3A,1,5,0.0,0.0,0.0
358_G_MV3A,1,6,0.0,0.0,0.0
358_G_MV3A,1,7,0.0,0.0,0.0
358_G_MV3A,1,8,0.0,0.0,0.0
358_G_MV3A,1,9,0.0,0.0,0.0
358_G_MV3A,1,10,0.0,0.0,0.0
358_G_MV3A,1,11,0.0,0.0,0.0
358_G_MV3A,1,12,0.0,0.0,0.0
358_G_MV3A,1,13,0.0,0.0,0.0
358_G_MV3A,1,14,0.0,0.0,0.0
358_G_MV3A,1,15,0.0,0.0,0.0
358_G_MV3A,1,16,0.0,0.0,0.0
358_G_MV3A,1,17,0.0,0.0,0.0
358_G_MV3A,1,18,0.0,0.0,0.0
358_G_MV3A,1,19,0.0,0.0,0.0
358_G_MV3A,1,20,0.0,0.0,0.0
358_G_MV3A,1,21,0.0,0.0,0.0
358_G_MV3A,1,22,0.0,0.0,0.0
358_G_MV3A,1,23,0.0,0.0,0.0
358_G_MV3A,1,24,0.0,0.0,0.0
358_G_MV3A,1,25,0.0,0.0,0.0
358_G_MV3B,1,1,0.0,0.0,0.0
358_G_MV3B,1,2,0.0,0.0,0.0
358_G_MV3B,1,3,0.0,0.0,0.0
358_G_MV3B,1,4,0.0,0.0,0.0
358_G_MV3B,1,5,0.0,0.0,0.0
358_G_MV3B,1,6,0.0,0.0,0.0
358_G_MV3B,1,7,0.0,0.0,0.0
358_G_MV3B,1,8,0.0,0.0,0.0
358_G_MV3B,1,9,0.0,0.0,0.0
358_G_MV3B,1,10,0.0,0.0,0.0
358_G_MV3B,1,11,0.0,0.0,0.0
358_G_MV3B,1,12,0.0,0.0,0.0
358_G_MV3B,1,13,0.0,0.0,0.0
358_G_MV3B,1,14,0.0,0.0,0.0
358_G_MV3B,1,15,0.0,0.0,0.0
358_G_MV3B,1,16,0.0,0.0,0.0
358_G_MV3B,1,17,0.0,0.0,0.0
358_G_MV3B,1,18,0.0,0.0,0.0
358_G_MV3B,1,19,0.0,0.0,0.0
358_G_MV3B,1,20,0.0,0.0,0.0
358_G_MV3B,1,21,0.0,0.0,0.0
358_G_MV3B,1,22,0.0,0.0,0.0
358_G_MV3B,1,23,0.0,0.0,0.0
358_G_MV3B,1,24,0.0,0.0,0.0
358_G_MV3B,1,25,0.0,0.0,0.0
358_G_MV3C,1,1,0.0,0.0,0.0
358_G_MV3C,1,2,0.0,0.0,0.0
358_G_MV3C,1,3,0.0,0.0,0.0
358_G_MV3C,1,4,0.0,0.0,0.0
358_G_MV3C,1,5,0.0,0.0,0.0
358_G_MV3C,1,6,0.0,0.0,0.0
358_G_MV3C,1,7,0.0,0.0,0.0
358_G_MV3C,1,8,0.0,0.0,0.0
358_G_MV3C,1,9,0.0,0.0,0.0
358_G_MV3C,1,10,0.0,0.0,0.0
358_G_MV3C,1,11,0.0,0.0,0.0
358_G_MV3C,1,12,0.0,0.0,0.0
358_G_MV3C,1,13,0.0,0.0,0.0
358_G_MV3C,1,14,0.0,0.0,0.0
358_G_MV3C,1,15,0.0,0.0,0.0
358_G_MV3C,1,16,0.0,0.0,0.0
358_G_MV3C,1,17,0.0,0.0,0.0
358_G_MV3C,1,18,0.0,0.0,0.0
358_G_MV3C,1,19,0.0,0.0,0.0
358_G_MV3C,1,20,0.0,0.0,0.0
358_G_MV3C,1,21,0.0,0.0,0.0
358_G_MV3C,1,22,0.0,0.0,0.0
358_G_MV3C,1,23,0.0,0.0,0.0
358_G_MV3C,1,24,0.0,0.0,0.0
358_G_MV3C,1,25,0.0,0.0,0.0
358_G_MV4A,1,1,0.0,0.0,0.0
358_G_MV4A,1,2,0.0,0.0,0.0
358_G_MV4A,1,3,0.0,0.0,0.0
358_G_MV4A,1,4,0.0,0.0,0.0
358_G_MV4A,1,5,0.0,0.0,0.0
358_G_MV4A,1,6,0.0,0.0,0.0
358_G_MV4A,1,7,0.0,0.0,0.0
358_G_MV4A,1,8,0.0,0.0,0.0
358_G_MV4A,1,9,0.0,0.0,0.0
358_G_MV4A,1,10,0.0,0.0,0.0
358_G_MV4A,1,11,0.0,0.0,0.0
358_G_MV4A,1,12,0.0,0.0,0.0
358_G_MV4A,1,13,0.0,0.0,0.0
358_G_MV4A,1,14,0.0,0.0,0.0
358_G_MV4A,1,15,0.0,0.0,0.0
358_G_MV4A,1,16,0.0,0.0,0.0
358_G_MV4A,1,17,0.0,0.0,0.0
358_G_MV4A,1,18,0.0,0.0,0.0
358_G_MV4A,1,19,0.0,0.0,0.0
358_G_MV4A,1,20,0.0,0.0,0.0
358_G_MV4A,1,21,0.0,0.0,0.0
358_G_MV4A,1,22,0.0,0.0,0.0
358_G_MV4A,1,23,0.0,0.0,0.0
358_G_MV4A,1,24,0.0,0.0,0.0
358_G_MV4A,1,25,0.0,0.0,0.0
358_G_MV4B,1,1,0.0,0.0,0.0
358_G_MV4B,1,2,0.0,0.0,0.0
358_G_MV4B,1,3,0.0,0.0,0.0
358_G_MV4B,1,4,0.0,0.0,0.0
358_G_MV4B,1,5,0.0,0.0,0.0
358_G_MV4B,1,6,0.0,0.0,0.0
358_G_MV4B,1,7,0.0,0.0,0.0
358_G_MV4B,1,8,0.0,0.0,0.0
358_G_MV4B,1,9,0.0,0.0,0.0
358_G_MV4B,1,10,0.0,0.0,0.0
358_G_MV4B,1,11,0.0,0.0,0.0
358_G_MV4B,1,12,0.0,0.0,0.0
358_G_MV4B,1,13,0.0,0.0,0.0
358_G_MV4B,1,14,0.0,0.0,0.0
358_G_MV4B,1,15,0.0,0.0,0.0
358_G_MV4B,1,16,0.0,0.0,0.0
358_G_MV4B,1,17,0.0,0.0,0.0
358_G_MV4B,1,18,0.0,0.0,0.0
358_G_MV4B,1,19,0.0,0.0,0.0
358_G_MV4B,1,20,0.0,0.0,0.0
358_G_MV4B,1,21,0.0,0.0,0.0
358_G_MV4B,1,22,0.0,0.0,0.0
358_G_MV4B,1,23,0.0,0.0,0.0
358_G_MV4B,1,24,0.0,0.0,0.0
358_G_MV4B,1,25,0.0,0.0,0.0
358_G_MV4C,1,1,0.0,0.0,0.0
358_G_MV4C,1,2,0.0,0.0,0.0
358_G_MV4C,1,3,0.0,0.0,0.0
358_G_MV4C,1,4,0.0,0.0,0.0
358_G_MV4C,1,5,0.0,0.0,0.0
358_G_MV4C,1,6,0.0,0.0,0.0
358_G_MV4C,1,7,0.0,0.0,0.0
358_G_MV4C,1,8,0.0,0.0,0.0
358_G_MV4C,1,9,0.0,0.0,0.0
358_G_MV4C,1,10,0.0,0.0,0.0
358_G_MV4C,1,11,0.0,0.0,0.0
358_G_MV4C,1,12,0.0,0.0,0.0
358_G_MV4C,1,13,0.0,0.0,0.0
358_G_MV4C,1,14,0.0,0.0,0.0
358_G_MV4C,1,15,0.0,0.0,0.0
358_G_MV4C,1,16,0.0,0.0,0.0
358_G_MV4C,1,17,0.0,0.0,0.0
358_G_MV4C,1,18,0.0,0.0,0.0
358_G_MV4C,1,19,0.0,0.0,0.0
358_G_MV4C,1,20,0.0,0.0,0.0
358_G_MV4C,1,21,0.0,0.0,0.0
358_G_MV4C,1,22,0.0,0.0,0.0
358_G_MV4C,1,23,0.0,0.0,0.0
358_G_MV4C,1,24,0.0,0.0,0.0
358_G_MV4C,1,25,0.0,0.0,0.0
377_G_1,1,1,0.0,0.0,0.0
377_G_1,1,2,0.0,0.0,0.0
377_G_1,1,3,0.0,0.0,0.0
377_G_1,1,4,0.0,0.0,0.0
377_G_1,1,5,0.0,0.0,0.0
377_G_1,1,6,0.0,0.0,0.0
377_G_1,1,7,0.0,0.0,0.0
377_G_1,1,8,0.0,0.0,0.0
377_G_1,1,9,0.0,0.0,0.0
377_G_1,1,10,0.0,0.0,0.0
377_G_1,1,11,0.0,0.0,0.0
377_G_1,1,12,0.0,0.0,0.0
377_G_1,1,13,0.0,0.0,0.0
377_G_1,1,14,0.0,0.0,0.0
377_G_1,1,15,0.0,0.0,0.0
377_G_1,1,16,0.0,0.0,0.0
377_G_1,1,17,0.0,0.0,0.0
377_G_1,1,18,0.0,0.0,0.0
377_G_1,1,19,0.0,0.0,0.0
377_G_1,1,20,0.0,0.0,0.0
377_G_1,1,21,0.0,0.0,0.0
377_G_1,1,22,0.0,0.0,0.0
377_G_1,1,23,0.0,0.0,0.0
377_G_1,1,24,0.0,0.0,0.0
377_G_1,1,25,0.0,0.0,0.0
377_G_2,1,1,0.0,0.0,0.0
377_G_2,1,2,0.0,0.0,0.0
377_G_2,1,3,0.0,0.0,0.0
377_G_2,1,4,0.0,0.0,0.0
377_G_2,1,5,0.0,0.0,0.0
377_G_2,1,6,0.0,0.0,0.0
377_G_2,1,7,0.0,0.0,0.0
377_G_2,1,8,0.0,0.0,0.0
377_G_2,1,9,0.0,0.0,0.0
377_G_2,1,10,0.0,0.0,0.0
377_G_2,1,11,0.0,0.0,0.0
377_G_2,1,12,0.0,0.0,0.0
377_G_2,1,13,0.0,0.0,0.0
377_G_2,1,14,0.0,0.0,0.0
377_G_2,1,15,0.0,0.0,0.0
377_G_2,1,16,0.0,0.0,0.0
377_G_2,1,17,0.0,0.0,0.0
377_G_2,1,18,0.0,0.0,0.0
377_G_2,1,19,0.0,0.0,0.0
377_G_2,1,20,0.0,0.0,0.0
377_G_2,1,21,0.0,0.0,0.0
377_G_2,1,22,0.0,0.0,0.0
377_G_2,1,23,0.0,0.0,0.0
377_G_2,1,24,0.0,0.0,0.0
377_G_2,1,25,0.0,0.0,0.0
377_G_5,1,1,0.0,0.0,0.0
377_G_5,1,2,0.0,0.0,0.0
377_G_5,1,3,0.0,0.0,0.0
377_G_5,1,4,0.0,0.0,0.0
377_G_5,1,5,0.0,0.0,0.0
377_G_5,1,6,0.0,0.0,0.0
377_G_5,1,7,0.0,0.0,0.0
377_G_5,1,8,0.0,0.0,0.0
377_G_5,1,9,0.0,0.0,0.0
377_G_5,1,10,0.0,0.0,0.0
377_G_5,1,11,0.0,0.0,0.0
377_G_5,1,12,0.0,0.0,0.0
377_G_5,1,13,0.0,0.0,0.0
377_G_5,1,14,0.0,0.0,0.0
377_G_5,1,15,0.0,0.0,0.0
377_G_5,1,16,0.0,0.0,0.0
377_G_5,1,17,0.0,0.0,0.0
377_G_5,1,18,0.0,0.0,0.0
377_G_5,1,19,0.0,0.0,0.0
377_G_5,1,20,0.0,0.0,0.0
377_G_5,1,21,0.0,0.0,0.0
377_G_5,1,22,0.0,0.0,0.0
377_G_5,1,23,0.0,0.0,0.0
377_G_5,1,24,0.0,0.0,0.0
377_G_5,1,25,0.0,0.0,0.0
377_G_8A,1,1,0.0,0.0,0.0
377_G_8A,1,2,0.0,0.0,0.0
377_G_8A,1,3,0.0,0.0,0.0
377_G_8A,1,4,0.0,0.0,0.0
377_G_8A,1,5,0.0,0.0,0.0
377_G_8A,1,6,0.0,0.0,0.0
377_G_8A,1,7,0.0,0.0,0.0
377_G_8A,1,8,0.0,0.0,0.0
377_G_8A,1,9,0.0,0.0,0.0
377_G_8A,1,10,0.0,0.0,0.0
377_G_8A,1,11,0.0,0.0,0.0
377_G_8A,1,12,0.0,0.0,0.0
377_G_8A,1,13,0.0,0.0,0.0
377_G_8A,1,14,0.0,0.0,0.0
377_G_8A,1,15,0.0,0.0,0.0
377_G_8A,1,16,0.0,0.0,0.0
377_G_8A,1,17,0.0,0.0,0.0
377_G_8A,1,18,0.0,0.0,0.0
377_G_8A,1,19,0.0,0.0,0.0
377_G_8A,1,20,0.0,0.0,0.0
377_G_8A,1,21,0.0,0.0,0.0
377_G_8A,1,22,0.0,0.0,0.0
377_G_8A,1,23,0.0,0.0,0.0
377_G_8A,1,24,0.0,0.0,0.0
377_G_8A,1,25,0.0,0.0,0.0
377_G_8BC,1,1,0.0,0.0,0.0
377_G_8BC,1,2,0.0,0.0,0.0
377_G_8BC,1,3,0.0,0.0,0.0
377_G_8BC,1,4,0.0,0.0,0.0
377_G_8BC,1,5,0.0,0.0,0.0
377_G_8BC,1,6,0.0,0.0,0.0
377_G_8BC,1,7,0.0,0.0,0.0
377_G_8BC,1,8,0.0,0.0,0.0
377_G_8BC,1,9,0.0,0.0,0.0
377_G_8BC,1,10,0.0,0.0,0.0
377_G_8BC,1,11,0.0,0.0,0.0
377_G_8BC,1,12,0.0,0.0,0.0
377_G_8BC,1,13,0.0,0.0,0.0
377_G_8BC,1,14,0.0,0.0,0.0
377_G_8BC,1,15,0.0,0.0,0.0
377_G_8BC,1,16,0.0,0.0,0.0
377_G_8BC,1,17,0.0,0.0,0.0
377_G_8BC,1,18,0.0,0.0,0.0
377_G_8BC,1,19,0.0,0.0,0.0
377_G_8BC,1,20,0.0,0.0,0.0
377_G_8BC,1,21,0.0,0.0,0.0
377_G_8BC,1,22,0.0,0.0,0.0
377_G_8BC,1,23,0.0,0.0,0.0
377_G_8BC,1,24,0.0,0.0,0.0
377_G_8BC,1,25,0.0,0.0,0.0
389_G_2,1,1,0.0,0.0,0.0
389_G_2,1,2,0.0,0.0,0.0
389_G_2,1,3,0.0,0.0,0.0
389_G_2,1,4,0.0,0.0,0.0
389_G_2,1,5,0.0,0.0,0.0
389_G_2,1,6,0.0,0.0,0.0
389_G_2,1,7,0.0,0.0,0.0
389_G_2,1,8,0.0,0.0,0.0
389_G_2,1,9,0.0,0.0,0.0
389_G_2,1,10,0.0,0.0,0.0
389_G_2,1,11,0.0,0.0,0.0
389_G_2,1,12,0.0,0.0,0.0
389_G_2,1,13,0.0,0.0,0.0
389_G_2,1,14,0.0,0.0,0.0
389_G_2,1,15,0.0,0.0,0.0
389_G_2,1,16,0.0,0.0,0.0
389_G_2,1,17,0.0,0.0,0.0
389_G_2,1,18,0.0,0.0,0.0
389_G_2,1,19,0.0,0.0,0.0
389_G_2,1,20,0.0,0.0,0.0
389_G_2,1,21,0.0,0.0,0.0
389_G_2,1,22,0.0,0.0,0.0
389_G_2,1,23,0.0,0.0,0.0
389_G_2,1,24,0.0,0.0,0.0
389_G_2,1,25,0.0,0.0,0.0
389_G_2A,1,1,0.0,0.0,0.0
389_G_2A,1,2,0.0,0.0,0.0
389_G_2A,1,3,0.0,0.0,0.0
389_G_2A,1,4,0.0,0.0,0.0
389_G_2A,1,5,0.0,0.0,0.0
389_G_2A,1,6,0.0,0.0,0.0
389_G_2A,1,7,0.0,0.0,0.0
389_G_2A,1,8,0.0,0.0,0.0
389_G_2A,1,9,0.0,0.0,0.0
389_G_2A,1,10,0.0,0.0,0.0
389_G_2A,1,11,0.0,0.0,0.0
389_G_2A,1,12,0.0,0.0,0.0
389_G_2A,1,13,0.0,0.0,0.0
389_G_2A,1,14,0.0,0.0,0.0
389_G_2A,1,15,0.0,0.0,0.0
389_G_2A,1,16,0.0,0.0,0.0
389_G_2A,1,17,0.0,0.0,0.0
389_G_2A,1,18,0.0,0.0,0.0
389_G_2A,1,19,0.0,0.0,0.0
389_G_2A,1,20,0.0,0.0,0.0
389_G_2A,1,21,0.0,0.0,0.0
389_G_2A,1,22,0.0,0.0,0.0
389_G_2A,1,23,0.0,0.0,0.0
389_G_2A,1,24,0.0,0.0,0.0
389_G_2A,1,25,0.0,0.0,0.0
389_G_30,1,1,0.0,0.0,0.0
389_G_30,1,2,0.0,0.0,0.0
389_G_30,1,3,0.0,0.0,0.0
389_G_30,1,4,0.0,0.0,0.0
389_G_30,1,5,0.0,0.0,0.0
389_G_30,1,6,0.0,0.0,0.0
389_G_30,1,7,0.0,0.0,0.0
389_G_30,1,8,0.0,0.0,0.0
389_G_30,1,9,0.0,0.0,0.0
389_G_30,1,10,0.0,0.0,0.0
389_G_30,1,11,0.0,0.0,0.0
389_G_30,1,12,0.0,0.0,0.0
389_G_30,1,13,0.0,0.0,0.0
389_G_30,1,14,0.0,0.0,0.0
389_G_30,1,15,0.0,0.0,0.0
389_G_30,1,16,0.0,0.0,0.0
389_G_30,1,17,0.0,0.0,0.0
389_G_30,1,18,0.0,0.0,0.0
389_G_30,1,19,0.0,0.0,0.0
389_G_30,1,20,0.0,0.0,0.0
389_G_30,1,21,0.0,0.0,0.0
389_G_30,1,22,0.0,0.0,0.0
389_G_30,1,23,0.0,0.0,0.0
389_G_30,1,24,0.0,0.0,0.0
389_G_30,1,25,0.0,0.0,0.0
389_G_31,1,1,0.0,0.0,0.0
389_G_31,1,2,0.0,0.0,0.0
389_G_31,1,3,0.0,0.0,0.0
389_G_31,1,4,0.0,0.0,0.0
389_G_31,1,5,0.0,0.0,0.0
389_G_31,1,6,0.0,0.0,0.0
389_G_31,1,7,0.0,0.0,0.0
389_G_31,1,8,0.0,0.0,0.0
389_G_31,1,9,0.0,0.0,0.0
389_G_31,1,10,0.0,0.0,0.0
389_G_31,1,11,0.0,0.0,0.0
389_G_31,1,12,0.0,0.0,0.0
389_G_31,1,13,0.0,0.0,0.0
389_G_31,1,14,0.0,0.0,0.0
389_G_31,1,15,0.0,0.0,0.0
389_G_31,1,16,0.0,0.0,0.0
389_G_31,1,17,0.0,0.0,0.0
389_G_31,1,18,0.0,0.0,0.0
389_G_31,1,19,0.0,0.0,0.0
389_G_31,1,20,0.0,0.0,0.0
389_G_31,1,21,0.0,0.0,0.0
389_G_31,1,22,0.0,0.0,0.0
389_G_31,1,23,0.0,0.0,0.0
389_G_31,1,24,0.0,0.0,0.0
389_G_31,1,25,0.0,0.0,0.0
389_G_32,1,1,0.0,0.0,0.0
389_G_32,1,2,0.0,0.0,0.0
389_G_32,1,3,0.0,0.0,0.0
389_G_32,1,4,0.0,0.0,0.0
389_G_32,1,5,0.0,0.0,0.0
389_G_32,1,6,0.0,0.0,0.0
389_G_32,1,7,0.0,0.0,0.0
389_G_32,1,8,0.0,0.0,0.0
389_G_32,1,9,0.0,0.0,0.0
389_G_32,1,10,0.0,0.0,0.0
389_G_32,1,11,0.0,0.0,0.0
389_G_32,1,12,0.0,0.0,0.0
389_G_32,1,13,0.0,0.0,0.0
389_G_32,1,14,0.0,0.0,0.0
389_G_32,1,15,0.0,0.0,0.0
389_G_32,1,16,0.0,0.0,0.0
389_G_32,1,17,0.0,0.0,0.0
389_G_32,1,18,0.0,0.0,0.0
389_G_32,1,19,0.0,0.0,0.0
389_G_32,1,20,0.0,0.0,0.0
389_G_32,1,21,0.0,0.0,0.0
389_G_32,1,22,0.0,0.0,0.0
389_G_32,1,23,0.0,0.0,0.0
389_G_32,1,24,0.0,0.0,0.0
389_G_32,1,25,0.0,0.0,0.0
399_G_10A,1,1,0.0,0.0,0.0
399_G_10A,1,2,0.0,0.0,0.0
399_G_10A,1,3,0.0,0.0,0.0
399_G_10A,1,4,0.0,0.0,0.0
399_G_10A,1,5,0.0,0.0,0.0
399_G_10A,1,6,0.0,0.0,0.0
399_G_10A,1,7,0.0,0.0,0.0
399_G_10A,1,8,0.0,0.0,0.0
399_G_10A,1,9,0.0,0.0,0.0
399_G_10A,1,10,0.0,0.0,0.0
399_G_10A,1,11,0.0,0.0,0.0
399_G_10A,1,12,0.0,0.0,0.0
399_G_10A,1,13,0.0,0.0,0.0
399_G_10A,1,14,0.0,0.0,0.0
399_G_10A,1,15,0.0,0.0,0.0
399_G_10A,1,16,0.0,0.0,0.0
399_G_10A,1,17,0.0,0.0,0.0
399_G_10A,1,18,0.0,0.0,0.0
399_G_10A,1,19,0.0,0.0,0.0
399_G_10A,1,20,0.0,0.0,0.0
399_G_10A,1,21,0.0,0.0,0.0
399_G_10A,1,22,0.0,0.0,0.0
399_G_10A,1,23,0.0,0.0,0.0
399_G_10A,1,24,0.0,0.0,0.0
399_G_10A,1,25,0.0,0.0,0.0
399_G_10B,1,1,0.0,0.0,0.0
399_G_10B,1,2,0.0,0.0,0.0
399_G_10B,1,3,0.0,0.0,0.0
399_G_10B,1,4,0.0,0.0,0.0
399_G_10B,1,5,0.0,0.0,0.0
399_G_10B,1,6,0.0,0.0,0.0
399_G_10B,1,7,0.0,0.0,0.0
399_G_10B,1,8,0.0,0.0,0.0
399_G_10B,1,9,0.0,0.0,0.0
399_G_10B,1,10,0.0,0.0,0.0
399_G_10B,1,11,0.0,0.0,0.0
399_G_10B,1,12,0.0,0.0,0.0
399_G_10B,1,13,0.0,0.0,0.0
399_G_10B,1,14,0.0,0.0,0.0
399_G_10B,1,15,0.0,0.0,0.0
399_G_10B,1,16,0.0,0.0,0.0
399_G_10B,1,17,0.0,0.0,0.0
399_G_10B,1,18,0.0,0.0,0.0
399_G_10B,1,19,0.0,0.0,0.0
399_G_10B,1,20,0.0,0.0,0.0
399_G_10B,1,21,0.0,0.0,0.0
399_G_10B,1,22,0.0,0.0,0.0
399_G_10B,1,23,0.0,0.0,0.0
399_G_10B,1,24,0.0,0.0,0.0
399_G_10B,1,25,0.0,0.0,0.0
399_G_5,1,1,0.0,0.0,0.0
399_G_5,1,2,0.0,0.0,0.0
399_G_5,1,3,0.0,0.0,0.0
399_G_5,1,4,0.0,0.0,0.0
399_G_5,1,5,0.0,0.0,0.0
399_G_5,1,6,0.0,0.0,0.0
399_G_5,1,7,0.0,0.0,0.0
399_G_5,1,8,0.0,0.0,0.0
399_G_5,1,9,0.0,0.0,0.0
399_G_5,1,10,0.0,0.0,0.0
399_G_5,1,11,0.0,0.0,0.0
399_G_5,1,12,0.0,0.0,0.0
399_G_5,1,13,0.0,0.0,0.0
399_G_5,1,14,0.0,0.0,0.0
399_G_5,1,15,0.0,0.0,0.0
399_G_5,1,16,0.0,0.0,0.0
399_G_5,1,17,0.0,0.0,0.0
399_G_5,1,18,0.0,0.0,0.0
399_G_5,1,19,0.0,0.0,0.0
399_G_5,1,20,0.0,0.0,0.0
399_G_5,1,21,0.0,0.0,0.0
399_G_5,1,22,0.0,0.0,0.0
399_G_5,1,23,0.0,0.0,0.0
399_G_5,1,24,0.0,0.0,0.0
399_G_5,1,25,0.0,0.0,0.0
399_G_GT14,1,1,0.0,0.0,0.0
399_G_GT14,1,2,0.0,0.0,0.0
399_G_GT14,1,3,0.0,0.0,0.0
399_G_GT14,1,4,0.0,0.0,0.0
399_G_GT14,1,5,0.0,0.0,0.0
399_G_GT14,1,6,0.0,0.0,0.0
399_G_GT14,1,7,0.0,0.0,0.0
399_G_GT14,1,8,0.0,0.0,0.0
399_G_GT14,1,9,0.0,0.0,0.0
399_G_GT14,1,10,0.0,0.0,0.0
399_G_GT14,1,11,0.0,0.0,0.0
399_G_GT14,1,12,0.0,0.0,0.0
399_G_GT14,1,13,0.0,0.0,0.0
399_G_GT14,1,14,0.0,0.0,0.0
399_G_GT14,1,15,0.0,0.0,0.0
399_G_GT14,1,16,0.0,0.0,0.0
399_G_GT14,1,17,0.0,0.0,0.0
399_G_GT14,1,18,0.0,0.0,0.0
399_G_GT14,1,19,0.0,0.0,0.0
399_G_GT14,1,20,0.0,0.0,0.0
399_G_GT14,1,21,0.0,0.0,0.0
399_G_GT14,1,22,0.0,0.0,0.0
399_G_GT14,1,23,0.0,0.0,0.0
399_G_GT14,1,24,0.0,0.0,0.0
399_G_GT14,1,25,0.0,0.0,0.0
400_B_1,1,1,0.0,0.0,0.0
400_B_1,1,2,0.0,0.0,0.0
400_B_1,1,3,0.0,0.0,0.0
400_B_1,1,4,0.0,0.0,0.0
400_B_1,1,5,0.0,0.0,0.0
400_B_1,1,6,0.0,0.0,0.0
400_B_1,1,7,0.0,0.0,0.0
400_B_1,1,8,0.0,0.0,0.0
400_B_1,1,9,0.0,0.0,0.0
400_B_1,1,10,0.0,0.0,0.0
400_B_1,1,11,0.0,0.0,0.0
400_B_1,1,12,0.0,0.0,0.0
400_B_1,1,13,0.0,0.0,0.0
400_B_1,1,14,0.0,0.0,0.0
400_B_1,1,15,0.0,0.0,0.0
400_B_1,1,16,0.0,0.0,0.0
400_B_1,1,17,0.0,0.0,0.0
400_B_1,1,18,0.0,0.0,0.0
400_B_1,1,19,0.0,0.0,0.0
400_B_1,1,20,0.0,0.0,0.0
400_B_1,1,21,0.0,0.0,0.0
400_B_1,1,22,0.0,0.0,0.0
400_B_1,1,23,0.0,0.0,0.0
400_B_1,1,24,0.0,0.0,0.0
400_B_1,1,25,0.0,0.0,0.0
400_B_2,1,1,0.0,0.0,0.0
400_B_2,1,2,0.0,0.0,0.0
400_B_2,1,3,0.0,0.0,0.0
400_B_2,1,4,0.0,0.0,0.0
400_B_2,1,5,0.0,0.0,0.0
400_B_2,1,6,0.0,0.0,0.0
400_B_2,1,7,0.0,0.0,0.0
400_B_2,1,8,0.0,0.0,0.0
400_B_2,1,9,0.0,0.0,0.0
400_B_2,1,10,0.0,0.0,0.0
400_B_2,1,11,0.0,0.0,0.0
400_B_2,1,12,0.0,0.0,0.0
400_B_2,1,13,0.0,0.0,0.0
400_B_2,1,14,0.0,0.0,0.0
400_B_2,1,15,0.0,0.0,0.0
400_B_2,1,16,0.0,0.0,0.0
400_B_2,1,17,0.0,0.0,0.0
400_B_2,1,18,0.0,0.0,0.0
400_B_2,1,19,0.0,0.0,0.0
400_B_2,1,20,0.0,0.0,0.0
400_B_2,1,21,0.0,0.0,0.0
400_B_2,1,22,0.0,0.0,0.0
400_B_2,1,23,0.0,0.0,0.0
400_B_2,1,24,0.0,0.0,0.0
400_B_2,1,25,0.0,0.0,0.0
400_G_10,1,1,63.0,0.0,0.0
400_G_10,1,2,63.0,0.0,0.0
400_G_10,1,3,63.0,0.0,0.0
400_G_10,1,4,63.0,0.0,0.0
400_G_10,1,5,63.0,0.0,0.0
400_G_10,1,6,63.0,0.0,0.0
400_G_10,1,7,63.0,0.0,0.0
400_G_10,1,8,63.0,0.0,0.0
400_G_10,1,9,63.0,0.0,0.0
400_G_10,1,10,63.0,0.0,0.0
400_G_10,1,11,63.0,0.0,0.0
400_G_10,1,12,63.0,0.0,0.0
400_G_10,1,13,63.0,0.0,0.0
400_G_10,1,14,63.0,0.0,0.0
400_G_10,1,15,63.0,0.0,0.0
400_G_10,1,16,63.0,0.0,0.0
400_G_10,1,17,63.0,0.0,0.0
400_G_10,1,18,63.0,0.0,0.0
400_G_10,1,19,113.08500000000005,0.0,0.0
400_G_10,1,20,157.5,0.0,0.0
400_G_10,1,21,115.69724813657724,41.802751863422756,0.0
400_G_10,1,22,65.61224813657724,0.0,0.0
400_G_10,1,23,107.41499999999999,0.0,0.0
400_G_10,1,24,157.5,0.0,0.0
400_G_10,1,25,0.0,0.0,0.0
400_G_11,1,1,0.0,0.0,0.0
400_G_11,1,2,0.0,0.0,0.0
400_G_11,1,3,0.0,0.0,0.0
400_G_11,1,4,0.0,0.0,0.0
400_G_11,1,5,0.0,0.0,0.0
400_G_11,1,6,0.0,0.0,0.0
400_G_11,1,7,0.0,0.0,0.0
400_G_11,1,8,0.0,0.0,0.0
400_G_11,1,9,0.0,0.0,0.0
400_G_11,1,10,0.0,0.0,0.0
400_G_11,1,11,0.0,0.0,0.0
400_G_11,1,12,0.0,0.0,0.0
400_G_11,1,13,0.0,0.0,0.0
400_G_11,1,14,0.0,0.0,0.0
400_G_11,1,15,0.0,0.0,0.0
400_G_11,1,16,0.0,0.0,0.0
400_G_11,1,17,0.0,0.0,0.0
400_G_11,1,18,0.0,0.0,0.0
400_G_11,1,19,0.0,0.0,0.0
400_G_11,1,20,0.0,0.0,0.0
400_G_11,1,21,0.0,0.0,0.0
400_G_11,1,22,0.0,0.0,0.0
400_G_11,1,23,0.0,0.0,0.0
400_G_11,1,24,0.0,0.0,0.0
400_G_11,1,25,0.0,0.0,0.0
400_G_12,1,1,0.0,0.0,0.0
400_G_12,1,2,0.0,0.0,0.0
400_G_12,1,3,0.0,0.0,0.0
400_G_12,1,4,0.0,0.0,0.0
400_G_12,1,5,0.0,0.0,0.0
400_G_12,1,6,0.0,0.0,0.0
400_G_12,1,7,0.0,0.0,0.0
400_G_12,1,8,0.0,0.0,0.0
400_G_12,1,9,0.0,0.0,0.0
400_G_12,1,10,0.0,0.0,0.0
400_G_12,1,11,0.0,0.0,0.0
400_G_12,1,12,0.0,0.0,0.0
400_G_12,1,13,0.0,0.0,0.0
400_G_12,1,14,0.0,0.0,0.0
400_G_12,1,15,0.0,0.0,0.0
400_G_12,1,16,0.0,0.0,0.0
400_G_12,1,17,0.0,0.0,0.0
400_G_12,1,18,0.0,0.0,0.0
400_G_12,1,19,0.0,0.0,0.0
400_G_12,1,20,0.0,0.0,0.0
400_G_12,1,21,0.0,0.0,0.0
400_G_12,1,22,0.0,0.0,0.0
400_G_12,1,23,0.0,0.0,0.0
400_G_12,1,24,0.0,0.0,0.0
400_G_12,1,25,0.0,0.0,0.0
400_G_13,1,1,0.0,0.0,0.0
400_G_13,1,2,0.0,0.0,0.0
400_G_13,1,3,0.0,0.0,0.0
400_G_13,1,4,0.0,0.0,0.0
400_G_13,1,5,0.0,0.0,0.0
400_G_13,1,6,0.0,0.0,0.0
400_G_13,1,7,0.0,0.0,0.0
400_G_13,1,8,0.0,0.0,0.0
400_G_13,1,9,0.0,0.0,0.0
400_G_13,1,10,0.0,0.0,0.0
400_G_13,1,11,0.0,0.0,0.0
400_G_13,1,12,0.0,0.0,0.0
400_G_13,1,13,0.0,0.0,0.0
400_G_13,1,14,0.0,0.0,0.0
400_G_13,1,15,0.0,0.0,0.0
400_G_13,1,16,0.0,0.0,0.0
400_G_13,1,17,0.0,0.0,0.0
400_G_13,1,18,0.0,0.0,0.0
400_G_13,1,19,0.0,0.0,0.0
400_G_13,1,20,0.0,0.0,0.0
400_G_13,1,21,0.0,0.0,0.0
400_G_13,1,22,0.0,0.0,0.0
400_G_13,1,23,0.0,0.0,0.0
400_G_13,1,24,0.0,0.0,0.0
400_G_13,1,25,0.0,0.0,0.0
400_G_14,1,1,0.0,0.0,0.0
400_G_14,1,2,0.0,0.0,0.0
400_G_14,1,3,0.0,0.0,0.0
400_G_14,1,4,0.0,0.0,0.0
400_G_14,1,5,0.0,0.0,0.0
400_G_14,1,6,0.0,0.0,0.0
400_G_14,1,7,0.0,0.0,0.0
400_G_14,1,8,0.0,0.0,0.0
400_G_14,1,9,0.0,0.0,0.0
400_G_14,1,10,0.0,0.0,0.0
400_G_14,1,11,0.0,0.0,0.0
400_G_14,1,12,0.0,0.0,0.0
400_G_14,1,13,0.0,0.0,0.0
400_G_14,1,14,0.0,0.0,0.0
400_G_14,1,15,0.0,0.0,0.0
400_G_14,1,16,0.0,0.0,0.0
400_G_14,1,17,0.0,0.0,0.0
400_G_14,1,18,0.0,0.0,0.0
400_G_14,1,19,0.0,0.0,0.0
400_G_14,1,20,0.0,0.0,0.0
400_G_14,1,21,0.0,0.0,0.0
400_G_14,1,22,0.0,0.0,0.0
400_G_14,1,23,0.0,0.0,0.0
400_G_14,1,24,0.0,0.0,0.0
400_G_14,1,25,0.0,0.0,0.0
400_G_15,1,1,0.0,0.0,0.0
400_G_15,1,2,0.0,0.0,0.0
400_G_15,1,3,0.0,0.0,0.0
400_G_15,1,4,0.0,0.0,0.0
400_G_15,1,5,0.0,0.0,0.0
400_G_15,1,6,0.0,0.0,0.0
400_G_15,1,7,0.0,0.0,0.0
400_G_15,1,8,0.0,0.0,0.0
400_G_15,1,9,0.0,0.0,0.0
400_G_15,1,10,0.0,0.0,0.0
400_G_15,1,11,0.0,0.0,0.0
400_G_15,1,12,0.0,0.0,0.0
400_G_15,1,13,0.0,0.0,0.0
400_G_15,1,14,0.0,0.0,0.0
400_G_15,1,15,0.0,0.0,0.0
400_G_15,1,16,0.0,0.0,0.0
400_G_15,1,17,0.0,0.0,0.0
400_G_15,1,18,0.0,0.0,0.0
400_G_15,1,19,0.0,0.0,0.0
400_G_15,1,20,0.0,0.0,0.0
400_G_15,1,21,0.0,0.0,0.0
400_G_15,1,22,0.0,0.0,0.0
400_G_15,1,23,0.0,0.0,0.0
400_G_15,1,24,0.0,0.0,0.0
400_G_15,1,25,0.0,0.0,0.0
400_G_16,1,1,0.0,0.0,0.0
400_G_16,1,2,0.0,0.0,0.0
400_G_16,1,3,0.0,0.0,0.0
400_G_16,1,4,0.0,0.0,0.0
400_G_16,1,5,0.0,0.0,0.0
400_G_16,1,6,0.0,0.0,0.0
400_G_16,1,7,0.0,0.0,0.0
400_G_16,1,8,0.0,0.0,0.0
400_G_16,1,9,0.0,0.0,0.0
400_G_16,1,10,0.0,0.0,0.0
400_G_16,1,11,0.0,0.0,0.0
400_G_16,1,12,0.0,0.0,0.0
400_G_16,1,13,0.0,0.0,0.0
400_G_16,1,14,0.0,0.0,0.0
400_G_16,1,15,0.0,0.0,0.0
400_G_16,1,16,0.0,0.0,0.0
400_G_16,1,17,0.0,0.0,0.0
400_G_16,1,18,0.0,0.0,0.0
400_G_16,1,19,0.0,0.0,0.0
400_G_16,1,20,0.0,0.0,0.0
400_G_16,1,21,0.0,0.0,0.0
400_G_16,1,22,0.0,0.0,0.0
400_G_16,1,23,0.0,0.0,0.0
400_G_16,1,24,0.0,0.0,0.0
400_G_16,1,25,0.0,0.0,0.0
400_G_8,1,1,94.0,0.0,0.0
400_G_8,1,2,94.0,0.0,0.0
400_G_8,1,3,94.0,0.0,0.0
400_G_8,1,4,94.0,0.0,0.0
400_G_8,1,5,94.0,0.0,0.0
400_G_8,1,6,94.0,0.0,0.0
400_G_8,1,7,94.0,0.0,0.0
400_G_8,1,8,94.0,0.0,0.0
400_G_8,1,9,94.0,0.0,0.0
400_G_8,1,10,94.0,0.0,0.0
400_G_8,1,11,94.0,0.0,0.0
400_G_8,1,12,94.0,0.0,0.0
400_G_8,1,13,94.0,0.0,0.0
400_G_8,1,14,94.0,0.0,0.0
400_G_8,1,15,94.0,0.0,0.0
400_G_8,1,16,94.0,0.0,0.0
400_G_8,1,17,94.0,0.0,0.0
400_G_8,1,18,94.0,0.0,0.0
400_G_8,1,19,168.73000000000005,0.0,0.0
400_G_8,1,20,235.0,0.0,0.0
400_G_8,1,21,235.0,0.0,0.0
400_G_8,1,22,160.26999999999998,0.0,0.0
400_G_8,1,23,160.26999999999998,40.21606948437865,0.0
400_G_8,1,24,235.0,0.0,0.0
400_G_8,1,25,0.0,0.0,0.0
400_G_9,1,1,63.0,0.0,0.0
400_G_9,1,2,63.0,0.0,0.0
400_G_9,1,3,63.0,0.0,0.0
400_G_9,1,4,63.0,0.0,0.0
400_G_9,1,5,63.0,0.0,0.0
400_G_9,1,6,63.0,0.0,0.0
400_G_9,1,7,63.0,0.0,0.0
400_G_9,1,8,63.0,0.0,0.0
400_G_9,1,9,63.0,0.0,0.0
400_G_9,1,10,63.0,0.0,0.0
400_G_9,1,11,63.0,0.0,0.0
400_G_9,1,12,63.0,0.0,0.0
400_G_9,1,13,63.0,0.0,0.0
400_G_9,1,14,63.0,0.0,0.0
400_G_9,1,15,63.0,0.0,0.0
400_G_9,1,16,63.0,0.0,0.0
400_G_9,1,17,63.0,0.0,0.0
400_G_9,1,18,63.0,0.0,0.0
400_G_9,1,19,113.08500000000005,0.0,0.0
400_G_9,1,20,157.5,0.0,0.0
400_G_9,1,21,113.08500000000004,44.414999999999964,0.0
400_G_9,1,22,63.0,0.0,0.0
400_G_9,1,23,107.41499999999999,0.0,0.0
400_G_9,1,24,157.5,0.0,0.0
400_G_9,1,25,0.0,0.0,0.0
404_B_1,1,1,0.0,0.0,0.0
404_B_1,1,2,0.0,0.0,0.0
404_B_1,1,3,0.0,0.0,0.0
404_B_1,1,4,0.0,0.0,0.0
404_B_1,1,5,0.0,0.0,0.0
404_B_1,1,6,0.0,0.0,0.0
404_B_1,1,7,0.0,0.0,0.0
404_B_1,1,8,0.0,0.0,0.0
404_B_1,1,9,0.0,0.0,0.0
404_B_1,1,10,0.0,0.0,0.0
404_B_1,1,11,0.0,0.0,0.0
404_B_1,1,12,0.0,0.0,0.0
404_B_1,1,13,0.0,0.0,0.0
404_B_1,1,14,0.0,0.0,0.0
404_B_1,1,15,0.0,0.0,0.0
404_B_1,1,16,0.0,0.0,0.0
404_B_1,1,17,0.0,0.0,0.0
404_B_1,1,18,0.0,0.0,0.0
404_B_1,1,19,0.0,0.0,0.0
404_B_1,1,20,0.0,0.0,0.0
404_B_1,1,21,0.0,0.0,0.0
404_B_1,1,22,0.0,0.0,0.0
404_B_1,1,23,0.0,0.0,0.0
404_B_1,1,24,0.0,0.0,0.0
404_B_1,1,25,0.0,0.0,0.0
404_B_2,1,1,0.0,0.0,0.0
404_B_2,1,2,0.0,0.0,0.0
404_B_2,1,3,0.0,0.0,0.0
404_B_2,1,4,0.0,0.0,0.0
404_B_2,1,5,0.0,0.0,0.0
404_B_2,1,6,0.0,0.0,0.0
404_B_2,1,7,0.0,0.0,0.0
404_B_2,1,8,0.0,0.0,0.0
404_B_2,1,9,0.0,0.0,0.0
404_B_2,1,10,0.0,0.0,0.0
404_B_2,1,11,0.0,0.0,0.0
404_B_2,1,12,0.0,0.0,0.0
404_B_2,1,13,0.0,0.0,0.0
404_B_2,1,14,0.0,0.0,0.0
404_B_2,1,15,0.0,0.0,0.0
404_B_2,1,16,0.0,0.0,0.0
404_B_2,1,17,0.0,0.0,0.0
404_B_2,1,18,0.0,0.0,0.0
404_B_2,1,19,0.0,0.0,0.0
404_B_2,1,20,0.0,0.0,0.0
404_B_2,1,21,0.0,0.0,0.0
404_B_2,1,22,0.0,0.0,0.0
404_B_2,1,23,0.0,0.0,0.0
404_B_2,1,24,0.0,0.0,0.0
404_B_2,1,25,0.0,0.0,0.0
404_G_4,1,1,81.60000000000002,0.0,0.0
404_G_4,1,2,81.60000000000002,0.0,0.0
404_G_4,1,3,81.60000000000002,0.0,0.0
404_G_4,1,4,146.47200000000015,0.0,0.0
404_G_4,1,5,204.0,0.0,0.0
404_G_4,1,6,168.37876765240944,35.62123234759049,0.0
404_G_4,1,7,146.47200000000004,0.0,0.0
404_G_4,1,8,81.60000000000002,0.0,0.0
404_G_4,1,9,81.60000000000002,0.0,0.0
404_G_4,1,10,81.60000000000002,0.0,0.0
404_G_4,1,11,81.60000000000002,0.0,0.0
404_G_4,1,12,81.60000000000002,0.0,0.0
404_G_4,1,13,81.60000000000002,0.0,0.0
404_G_4,1,14,81.60000000000002,0.0,0.0
404_G_4,1,15,81.60000000000002,0.0,0.0
404_G_4,1,16,146.4720000000001,0.0,0.0
404_G_4,1,17,204.0,0.0,0.0
404_G_4,1,18,204.0,0.0,0.0
404_G_4,1,19,204.0,0.0,0.0
404_G_4,1,20,204.0,0.0,0.0
404_G_4,1,21,204.0,0.0,0.0
404_G_4,1,22,204.0,0.0,0.0
404_G_4,1,23,204.0,0.0,0.0
404_G_4,1,24,204.0,0.0,0.0
404_G_4,1,25,204.0,0.0,0.0
404_G_5,1,1,40.8,0.0,0.0
404_G_5,1,2,40.8,0.0,0.0
404_G_5,1,3,40.8,0.0,0.0
404_G_5,1,4,73.23599999999999,0.0,0.0
404_G_5,1,5,102.0,0.0,0.0
404_G_5,1,6,102.0,0.0,0.0
404_G_5,1,7,73.23600000000022,0.0,0.0
404_G_5,1,8,40.8,0.0,0.0
404_G_5,1,9,40.8,0.0,0.0
404_G_5,1,10,40.8,0.0,0.0
404_G_5,1,11,40.8,0.0,0.0
404_G_5,1,12,40.8,0.0,0.0
404_G_5,1,13,40.8,0.0,0.0
404_G_5,1,14,40.8,0.0,0.0
404_G_5,1,15,40.8,0.0,0.0
404_G_5,1,16,73.23600000000002,0.0,0.0
404_G_5,1,17,102.0,0.0,0.0
404_G_5,1,18,102.0,0.0,0.0
404_G_5,1,19,102.0,0.0,0.0
404_G_5,1,20,102.0,0.0,0.0
404_G_5,1,21,102.0,0.0,0.0
404_G_5,1,22,102.0,0.0,0.0
404_G_5,1,23,102.0,0.0,0.0
404_G_5,1,24,102.0,0.0,0.0
404_G_5,1,25,102.0,0.0,0.0
404_G_6,1,1,0.0,0.0,0.0
404_G_6,1,2,0.0,0.0,0.0
404_G_6,1,3,0.0,0.0,0.0
404_G_6,1,4,0.0,0.0,0.0
404_G_6,1,5,0.0,0.0,0.0
404_G_6,1,6,0.0,0.0,0.0
404_G_6,1,7,0.0,0.0,0.0
404_G_6,1,8,0.0,0.0,0.0
404_G_6,1,9,0.0,0.0,0.0
404_G_6,1,10,0.0,0.0,0.0
404_G_6,1,11,0.0,0.0,0.0
404_G_6,1,12,0.0,0.0,0.0
404_G_6,1,13,0.0,0.0,0.0
404_G_6,1,14,0.0,0.0,0.0
404_G_6,1,15,0.0,0.0,0.0
404_G_6,1,16,0.0,0.0,0.0
404_G_6,1,17,0.0,0.0,0.0
404_G_6,1,18,0.0,0.0,0.0
404_G_6,1,19,0.0,0.0,0.0
404_G_6,1,20,0.0,0.0,0.0
404_G_6,1,21,0.0,0.0,0.0
404_G_6,1,22,0.0,0.0,0.0
404_G_6,1,23,0.0,0.0,0.0
404_G_6,1,24,0.0,0.0,0.0
404_G_6,1,25,0.0,0.0,0.0
404_G_7,1,1,0.0,0.0,0.0
404_G_7,1,2,0.0,0.0,0.0
404_G_7,1,3,0.0,0.0,0.0
404_G_7,1,4,0.0,0.0,0.0
404_G_7,1,5,0.0,0.0,0.0
404_G_7,1,6,0.0,0.0,0.0
404_G_7,1,7,0.0,0.0,0.0
404_G_7,1,8,0.0,0.0,0.0
404_G_7,1,9,0.0,0.0,0.0
404_G_7,1,10,0.0,0.0,0.0
404_G_7,1,11,0.0,0.0,0.0
404_G_7,1,12,0.0,0.0,0.0
404_G_7,1,13,0.0,0.0,0.0
404_G_7,1,14,0.0,0.0,0.0
404_G_7,1,15,0.0,0.0,0.0
404_G_7,1,16,0.0,0.0,0.0
404_G_7,1,17,0.0,0.0,0.0
404_G_7,1,18,0.0,0.0,0.0
404_G_7,1,19,0.0,0.0,0.0
404_G_7,1,20,0.0,0.0,0.0
404_G_7,1,21,0.0,0.0,0.0
404_G_7,1,22,0.0,0.0,0.0
404_G_7,1,23,0.0,0.0,0.0
404_G_7,1,24,0.0,0.0,0.0
404_G_7,1,25,0.0,0.0,0.0
408_G_6,1,1,0.0,0.0,0.0
408_G_6,1,2,0.0,0.0,0.0
408_G_6,1,3,0.0,0.0,0.0
408_G_6,1,4,0.0,0.0,0.0
408_G_6,1,5,0.0,0.0,0.0
408_G_6,1,6,0.0,0.0,0.0
408_G_6,1,7,0.0,0.0,0.0
408_G_6,1,8,0.0,0.0,0.0
408_G_6,1,9,0.0,0.0,0.0
408_G_6,1,10,0.0,0.0,0.0
408_G_6,1,11,0.0,0.0,0.0
408_G_6,1,12,0.0,0.0,0.0
408_G_6,1,13,0.0,0.0,0.0
408_G_6,1,14,0.0,0.0,0.0
408_G_6,1,15,0.0,0.0,0.0
408_G_6,1,16,0.0,0.0,0.0
408_G_6,1,17,0.0,0.0,0.0
408_G_6,1,18,0.0,0.0,0.0
408_G_6,1,19,0.0,0.0,0.0
408_G_6,1,20,0.0,0.0,0.0
408_G_6,1,21,0.0,0.0,0.0
408_G_6,1,22,0.0,0.0,0.0
408_G_6,1,23,0.0,0.0,0.0
408_G_6,1,24,0.0,0.0,0.0
408_G_6,1,25,0.0,0.0,0.0
408_G_7,1,1,0.0,0.0,0.0
408_G_7,1,2,0.0,0.0,0.0
408_G_7,1,3,0.0,0.0,0.0
408_G_7,1,4,0.0,0.0,0.0
408_G_7,1,5,0.0,0.0,0.0
408_G_7,1,6,0.0,0.0,0.0
408_G_7,1,7,0.0,0.0,0.0
408_G_7,1,8,0.0,0.0,0.0
408_G_7,1,9,0.0,0.0,0.0
408_G_7,1,10,0.0,0.0,0.0
408_G_7,1,11,0.0,0.0,0.0
408_G_7,1,12,0.0,0.0,0.0
408_G_7,1,13,0.0,0.0,0.0
408_G_7,1,14,0.0,0.0,0.0
408_G_7,1,15,0.0,0.0,0.0
408_G_7,1,16,0.0,0.0,0.0
408_G_7,1,17,0.0,0.0,0.0
408_G_7,1,18,0.0,0.0,0.0
408_G_7,1,19,0.0,0.0,0.0
408_G_7,1,20,0.0,0.0,0.0
408_G_7,1,21,0.0,0.0,0.0
408_G_7,1,22,0.0,0.0,0.0
408_G_7,1,23,0.0,0.0,0.0
408_G_7,1,24,0.0,0.0,0.0
408_G_7,1,25,0.0,0.0,0.0
408_G_8,1,1,0.0,0.0,0.0
408_G_8,1,2,0.0,0.0,0.0
408_G_8,1,3,0.0,0.0,0.0
408_G_8,1,4,0.0,0.0,0.0
408_G_8,1,5,0.0,0.0,0.0
408_G_8,1,6,0.0,0.0,0.0
408_G_8,1,7,0.0,0.0,0.0
408_G_8,1,8,0.0,0.0,0.0
408_G_8,1,9,0.0,0.0,0.0
408_G_8,1,10,0.0,0.0,0.0
408_G_8,1,11,0.0,0.0,0.0
408_G_8,1,12,0.0,0.0,0.0
408_G_8,1,13,0.0,0.0,0.0
408_G_8,1,14,0.0,0.0,0.0
408_G_8,1,15,0.0,0.0,0.0
408_G_8,1,16,0.0,0.0,0.0
408_G_8,1,17,0.0,0.0,0.0
408_G_8,1,18,0.0,0.0,0.0
408_G_8,1,19,0.0,0.0,0.0
408_G_8,1,20,0.0,0.0,0.0
408_G_8,1,21,0.0,0.0,0.0
408_G_8,1,22,0.0,0.0,0.0
408_G_8,1,23,0.0,0.0,0.0
408_G_8,1,24,0.0,0.0,0.0
408_G_8,1,25,0.0,0.0,0.0
422_G_GT5,1,1,27.20000000000001,0.0,0.0
422_G_GT5,1,2,27.20000000000001,0.0,0.0
422_G_GT5,1,3,27.20000000000001,0.0,0.0
422_G_GT5,1,4,68.0,0.0,0.0
422_G_GT5,1,5,68.0,0.0,0.0
422_G_GT5,1,6,68.0,0.0,0.0
422_G_GT5,1,7,68.0,0.0,0.0
422_G_GT5,1,8,27.20000000000001,0.0,0.0
422_G_GT5,1,9,27.20000000000001,0.0,0.0
422_G_GT5,1,10,27.20000000000001,0.0,0.0
422_G_GT5,1,11,27.20000000000001,0.0,0.0
422_G_GT5,1,12,27.20000000000001,0.0,0.0
422_G_GT5,1,13,27.20000000000001,0.0,0.0
422_G_GT5,1,14,27.20000000000001,0.0,0.0
422_G_GT5,1,15,27.20000000000001,0.0,0.0
422_G_GT5,1,16,68.0,0.0,0.0
422_G_GT5,1,17,68.0,0.0,0.0
422_G_GT5,1,18,68.0,0.0,0.0
422_G_GT5,1,19,68.0,0.0,0.0
422_G_GT5,1,20,68.0,0.0,0.0
422_G_GT5,1,21,68.0,0.0,0.0
422_G_GT5,1,22,68.0,0.0,0.0
422_G_GT5,1,23,68.0,0.0,0.0
422_G_GT5,1,24,68.0,0.0,0.0
422_G_GT5,1,25,68.0,0.0,0.0
422_G_ST1,1,1,6.4,0.0,0.0
422_G_ST1,1,2,6.4,0.0,0.0
422_G_ST1,1,3,6.4,0.0,0.0
422_G_ST1,1,4,16.0,0.0,0.0
422_G_ST1,1,5,16.0,0.0,0.0
422_G_ST1,1,6,16.0,0.0,0.0
422_G_ST1,1,7,16.0,0.0,0.0
422_G_ST1,1,8,6.4,0.0,0.0
422_G_ST1,1,9,6.4,0.0,0.0
422_G_ST1,1,10,6.4,0.0,0.0
422_G_ST1,1,11,6.4,0.0,0.0
422_G_ST1,1,12,6.4,0.0,0.0
422_G_ST1,1,13,6.4,0.0,0.0
422_G_ST1,1,14,6.4,0.0,0.0
422_G_ST1,1,15,6.4,0.0,0.0
422_G_ST1,1,16,16.0,0.0,0.0
422_G_ST1,1,17,16.0,0.0,0.0
422_G_ST1,1,18,16.0,0.0,0.0
422_G_ST1,1,19,16.0,0.0,0.0
422_G_ST1,1,20,16.0,0.0,0.0
422_G_ST1,1,21,16.0,0.0,0.0
422_G_ST1,1,22,16.0,0.0,0.0
422_G_ST1,1,23,16.0,0.0,0.0
422_G_ST1,1,24,16.0,0.0,0.0
422_G_ST1,1,25,16.0,0.0,0.0
50049_B_BLRC,1,1,183.6,0.0,0.0
50049_B_BLRC,1,2,183.6,0.0,0.0
50049_B_BLRC,1,3,183.6,0.0,0.0
50049_B_BLRC,1,4,183.6,0.0,0.0
50049_B_BLRC,1,5,183.6,0.0,0.0
50049_B_BLRC,1,6,183.6,0.0,0.0
50049_B_BLRC,1,7,183.6,0.0,0.0
50049_B_BLRC,1,8,73.44,0.0,0.0
50049_B_BLRC,1,9,73.44,0.0,0.0
50049_B_BLRC,1,10,73.44,0.0,0.0
50049_B_BLRC,1,11,73.44,0.0,0.0
50049_B_BLRC,1,12,73.44,0.0,0.0
50049_B_BLRC,1,13,73.44,0.0,0.0
50049_B_BLRC,1,14,73.44,0.0,0.0
50049_B_BLRC,1,15,183.6,0.0,0.0
50049_B_BLRC,1,16,183.6,0.0,0.0
50049_B_BLRC,1,17,183.6,0.0,0.0
50049_B_BLRC,1,18,183.6,0.0,0.0
50049_B_BLRC,1,19,183.6,0.0,0.0
50049_B_BLRC,1,20,183.6,0.0,0.0
50049_B_BLRC,1,21,183.6,0.0,0.0
50049_B_BLRC,1,22,183.6,0.0,0.0
50049_B_BLRC,1,23,183.6,0.0,0.0
50049_B_BLRC,1,24,183.6,0.0,0.0
50049_B_BLRC,1,25,183.6,0.0,0.0
50066_G_UNT1,1,1,50.0,0.0,0.0
50066_G_UNT1,1,2,50.0,0.0,0.0
50066_G_UNT1,1,3,50.0,0.0,0.0
50066_G_UNT1,1,4,50.0,0.0,0.0
50066_G_UNT1,1,5,50.0,0.0,0.0
50066_G_UNT1,1,6,50.0,0.0,0.0
50066_G_UNT1,1,7,50.0,0.0,0.0
50066_G_UNT1,1,8,32.89999999999996,0.0,0.0
50066_G_UNT1,1,9,20.0,0.0,0.0
50066_G_UNT1,1,10,20.0,0.0,0.0
50066_G_UNT1,1,11,20.0,0.0,0.0
50066_G_UNT1,1,12,20.0,0.0,0.0
50066_G_UNT1,1,13,32.9,0.0,0.0
50066_G_UNT1,1,14,50.0,0.0,0.0
50066_G_UNT1,1,15,50.0,0.0,0.0
50066_G_UNT1,1,16,50.0,0.0,0.0
50066_G_UNT1,1,17,50.0,0.0,0.0
50066_G_UNT1,1,18,50.0,0.0,0.0
50066_G_UNT1,1,19,50.0,0.0,0.0
50066_G_UNT1,1,20,50.0,0.0,0.0
50066_G_UNT1,1,21,50.0,0.0,0.0
50066_G_UNT1,1,22,50.0,0.0,0.0
50066_G_UNT1,1,23,50.0,0.0,0.0
50066_G_UNT1,1,24,50.0,0.0,0.0
50066_G_UNT1,1,25,50.0,0.0,0.0
50066_G_UNT2,1,1,50.0,0.0,0.0
50066_G_UNT2,1,2,50.0,0.0,0.0
50066_G_UNT2,1,3,50.0,0.0,0.0
50066_G_UNT2,1,4,50.0,0.0,0.0
50066_G_UNT2,1,5,50.0,0.0,0.0
50066_G_UNT2,1,6,50.0,0.0,0.0
50066_G_UNT2,1,7,50.0,0.0,0.0
50066_G_UNT2,1,8,32.9,0.0,0.0
50066_G_UNT2,1,9,20.0,0.0,0.0
50066_G_UNT2,1,10,20.0,0.0,0.0
50066_G_UNT2,1,11,20.0,0.0,0.0
50066_G_UNT2,1,12,20.0,0.0,0.0
50066_G_UNT2,1,13,32.9,0.0,0.0
50066_G_UNT2,1,14,50.0,0.0,0.0
50066_G_UNT2,1,15,50.0,0.0,0.0
50066_G_UNT2,1,16,50.0,0.0,0.0
50066_G_UNT2,1,17,50.0,0.0,0.0
50066_G_UNT2,1,18,50.0,0.0,0.0
50066_G_UNT2,1,19,50.0,0.0,0.0
50066_G_UNT2,1,20,50.0,0.0,0.0
50066_G_UNT2,1,21,50.0,0.0,0.0
50066_G_UNT2,1,22,50.0,0.0,0.0
50066_G_UNT2,1,23,50.0,0.0,0.0
50066_G_UNT2,1,24,50.0,0.0,0.0
50066_G_UNT2,1,25,50.0,0.0,0.0
50119_G_GENA,1,1,45.6,0.0,0.0
50119_G_GENA,1,2,45.6,0.0,0.0
50119_G_GENA,1,3,45.6,0.0,0.0
50119_G_GENA,1,4,45.6,0.0,0.0
50119_G_GENA,1,5,45.6,0.0,0.0
50119_G_GENA,1,6,45.6,0.0,0.0
50119_G_GENA,1,7,45.6,0.0,0.0
50119_G_GENA,1,8,25.079999999999952,0.0,0.0
50119_G_GENA,1,9,18.24,0.0,0.0
50119_G_GENA,1,10,18.24,0.0,0.0
50119_G_GENA,1,11,18.24,0.0,0.0
50119_G_GENA,1,12,18.24,0.0,0.0
50119_G_GENA,1,13,18.24,0.0,0.0
50119_G_GENA,1,14,38.76,0.0,0.0
50119_G_GENA,1,15,45.6,0.0,0.0
50119_G_GENA,1,16,45.6,0.0,0.0
50119_G_GENA,1,17,45.6,0.0,0.0
50119_G_GENA,1,18,45.6,0.0,0.0
50119_G_GENA,1,19,45.6,0.0,0.0
50119_G_GENA,1,20,45.6,0.0,0.0
50119_G_GENA,1,21,45.6,0.0,0.0
50119_G_GENA,1,22,45.6,0.0,0.0
50119_G_GENA,1,23,45.6,0.0,0.0
50119_G_GENA,1,24,45.6,0.0,0.0
50119_G_GENA,1,25,45.6,0.0,0.0
50134_G_GTAG,1,1,0.0,0.0,0.0
50134_G_GTAG,1,2,0.0,0.0,0.0
50134_G_GTAG,1,3,0.0,0.0,0.0
50134_G_GTAG,1,4,0.0,0.0,0.0
50134_G_GTAG,1,5,0.0,0.0,0.0
50134_G_GTAG,1,6,0.0,0.0,0.0
50134_G_GTAG,1,7,0.0,0.0,0.0
50134_G_GTAG,1,8,0.0,0.0,0.0
50134_G_GTAG,1,9,0.0,0.0,0.0
50134_G_GTAG,1,10,0.0,0.0,0.0
50134_G_GTAG,1,11,0.0,0.0,0.0
50134_G_GTAG,1,12,0.0,0.0,0.0
50134_G_GTAG,1,13,0.0,0.0,0.0
50134_G_GTAG,1,14,0.0,0.0,0.0
50134_G_GTAG,1,15,0.0,0.0,0.0
50134_G_GTAG,1,16,0.0,0.0,0.0
50134_G_GTAG,1,17,0.0,0.0,0.0
50134_G_GTAG,1,18,0.0,0.0,0.0
50134_G_GTAG,1,19,0.0,0.0,0.0
50134_G_GTAG,1,20,0.0,0.0,0.0
50134_G_GTAG,1,21,0.0,0.0,0.0
50134_G_GTAG,1,22,0.0,0.0,0.0
50134_G_GTAG,1,23,0.0,0.0,0.0
50134_G_GTAG,1,24,0.0,0.0,0.0
50134_G_GTAG,1,25,0.0,0.0,0.0
50134_G_GTBG,1,1,0.0,0.0,0.0
50134_G_GTBG,1,2,0.0,0.0,0.0
50134_G_GTBG,1,3,0.0,0.0,0.0
50134_G_GTBG,1,4,0.0,0.0,0.0
50134_G_GTBG,1,5,0.0,0.0,0.0
50134_G_GTBG,1,6,0.0,0.0,0.0
50134_G_GTBG,1,7,0.0,0.0,0.0
50134_G_GTBG,1,8,0.0,0.0,0.0
50134_G_GTBG,1,9,0.0,0.0,0.0
50134_G_GTBG,1,10,0.0,0.0,0.0
50134_G_GTBG,1,11,0.0,0.0,0.0
50134_G_GTBG,1,12,0.0,0.0,0.0
50134_G_GTBG,1,13,0.0,0.0,0.0
50134_G_GTBG,1,14,0.0,0.0,0.0
50134_G_GTBG,1,15,0.0,0.0,0.0
50134_G_GTBG,1,16,0.0,0.0,0.0
50134_G_GTBG,1,17,0.0,0.0,0.0
50134_G_GTBG,1,18,0.0,0.0,0.0
50134_G_GTBG,1,19,0.0,0.0,0.0
50134_G_GTBG,1,20,0.0,0.0,0.0
50134_G_GTBG,1,21,0.0,0.0,0.0
50134_G_GTBG,1,22,0.0,0.0,0.0
50134_G_GTBG,1,23,0.0,0.0,0.0
50134_G_GTBG,1,24,0.0,0.0,0.0
50134_G_GTBG,1,25,0.0,0.0,0.0
50134_G_GTCG,1,1,0.0,0.0,0.0
50134_G_GTCG,1,2,0.0,0.0,0.0
50134_G_GTCG,1,3,0.0,0.0,0.0
50134_G_GTCG,1,4,0.0,0.0,0.0
50134_G_GTCG,1,5,0.0,0.0,0.0
50134_G_GTCG,1,6,0.0,0.0,0.0
50134_G_GTCG,1,7,0.0,0.0,0.0
50134_G_GTCG,1,8,0.0,0.0,0.0
50134_G_GTCG,1,9,0.0,0.0,0.0
50134_G_GTCG,1,10,0.0,0.0,0.0
50134_G_GTCG,1,11,0.0,0.0,0.0
50134_G_GTCG,1,12,0.0,0.0,0.0
50134_G_GTCG,1,13,0.0,0.0,0.0
50134_G_GTCG,1,14,0.0,0.0,0.0
50134_G_GTCG,1,15,0.0,0.0,0.0
50134_G_GTCG,1,16,0.0,0.0,0.0
50134_G_GTCG,1,17,0.0,0.0,0.0
50134_G_GTCG,1,18,0.0,0.0,0.0
50134_G_GTCG,1,19,0.0,0.0,0.0
50134_G_GTCG,1,20,0.0,0.0,0.0
50134_G_GTCG,1,21,0.0,0.0,0.0
50134_G_GTCG,1,22,0.0,0.0,0.0
50134_G_GTCG,1,23,0.0,0.0,0.0
50134_G_GTCG,1,24,0.0,0.0,0.0
50134_G_GTCG,1,25,0.0,0.0,0.0
50134_G_GTDG,1,1,0.0,0.0,0.0
50134_G_GTDG,1,2,0.0,0.0,0.0
50134_G_GTDG,1,3,0.0,0.0,0.0
50134_G_GTDG,1,4,0.0,0.0,0.0
50134_G_GTDG,1,5,0.0,0.0,0.0
50134_G_GTDG,1,6,0.0,0.0,0.0
50134_G_GTDG,1,7,0.0,0.0,0.0
50134_G_GTDG,1,8,0.0,0.0,0.0
50134_G_GTDG,1,9,0.0,0.0,0.0
50134_G_GTDG,1,10,0.0,0.0,0.0
50134_G_GTDG,1,11,0.0,0.0,0.0
50134_G_GTDG,1,12,0.0,0.0,0.0
50134_G_GTDG,1,13,0.0,0.0,0.0
50134_G_GTDG,1,14,0.0,0.0,0.0
50134_G_GTDG,1,15,0.0,0.0,0.0
50134_G_GTDG,1,16,0.0,0.0,0.0
50134_G_GTDG,1,17,0.0,0.0,0.0
50134_G_GTDG,1,18,0.0,0.0,0.0
50134_G_GTDG,1,19,0.0,0.0,0.0
50134_G_GTDG,1,20,0.0,0.0,0.0
50134_G_GTDG,1,21,0.0,0.0,0.0
50134_G_GTDG,1,22,0.0,0.0,0.0
50134_G_GTDG,1,23,0.0,0.0,0.0
50134_G_GTDG,1,24,0.0,0.0,0.0
50134_G_GTDG,1,25,0.0,0.0,0.0
50210_G_GEN1,1,1,23.5,0.0,0.0
50210_G_GEN1,1,2,23.5,0.0,0.0
50210_G_GEN1,1,3,23.5,0.0,0.0
50210_G_GEN1,1,4,23.5,0.0,0.0
50210_G_GEN1,1,5,23.5,0.0,0.0
50210_G_GEN1,1,6,23.5,0.0,0.0
50210_G_GEN1,1,7,23.5,0.0,0.0
50210_G_GEN1,1,8,15.462999999999985,0.0,0.0
50210_G_GEN1,1,9,9.4,0.0,0.0
50210_G_GEN1,1,10,9.4,0.0,0.0
50210_G_GEN1,1,11,9.4,0.0,0.0
50210_G_GEN1,1,12,9.4,0.0,0.0
50210_G_GEN1,1,13,15.463,0.0,0.0
50210_G_GEN1,1,14,23.5,0.0,0.0
50210_G_GEN1,1,15,23.5,0.0,0.0
50210_G_GEN1,1,16,23.5,0.0,0.0
50210_G_GEN1,1,17,23.5,0.0,0.0
50210_G_GEN1,1,18,23.5,0.0,0.0
50210_G_GEN1,1,19,23.5,0.0,0.0
50210_G_GEN1,1,20,23.5,0.0,0.0
50210_G_GEN1,1,21,23.5,0.0,0.0
50210_G_GEN1,1,22,23.5,0.0,0.0
50210_G_GEN1,1,23,23.5,0.0,0.0
50210_G_GEN1,1,24,23.5,0.0,0.0
50210_G_GEN1,1,25,23.5,0.0,0.0
50210_G_GEN2,1,1,6.0,0.0,0.0
50210_G_GEN2,1,2,6.0,0.0,0.0
50210_G_GEN2,1,3,6.0,0.0,0.0
50210_G_GEN2,1,4,6.0,0.0,0.0
50210_G_GEN2,1,5,6.0,0.0,0.0
50210_G_GEN2,1,6,6.0,0.0,0.0
50210_G_GEN2,1,7,6.0,0.0,0.0
50210_G_GEN2,1,8,3.9479999999999964,0.0,0.0
50210_G_GEN2,1,9,2.4000000000000004,0.0,0.0
50210_G_GEN2,1,10,2.4000000000000004,0.0,0.0
50210_G_GEN2,1,11,2.4000000000000004,0.0,0.0
50210_G_GEN2,1,12,2.4000000000000004,0.0,0.0
50210_G_GEN2,1,13,3.948,0.0,0.0
50210_G_GEN2,1,14,6.0,0.0,0.0
50210_G_GEN2,1,15,6.0,0.0,0.0
50210_G_GEN2,1,16,6.0,0.0,0.0
50210_G_GEN2,1,17,6.0,0.0,0.0
50210_G_GEN2,1,18,6.0,0.0,0.0
50210_G_GEN2,1,19,6.0,0.0,0.0
50210_G_GEN2,1,20,6.0,0.0,0.0
50210_G_GEN2,1,21,6.0,0.0,0.0
50210_G_GEN2,1,22,6.0,0.0,0.0
50210_G_GEN2,1,23,6.0,0.0,0.0
50210_G_GEN2,1,24,6.0,0.0,0.0
50210_G_GEN2,1,25,6.0,0.0,0.0
50216_G_GN91,1,1,0.0,0.0,0.0
50216_G_GN91,1,2,0.0,0.0,0.0
50216_G_GN91,1,3,0.0,0.0,0.0
50216_G_GN91,1,4,0.0,0.0,0.0
50216_G_GN91,1,5,0.0,0.0,0.0
50216_G_GN91,1,6,0.0,0.0,0.0
50216_G_GN91,1,7,0.0,0.0,0.0
50216_G_GN91,1,8,0.0,0.0,0.0
50216_G_GN91,1,9,0.0,0.0,0.0
50216_G_GN91,1,10,0.0,0.0,0.0
50216_G_GN91,1,11,0.0,0.0,0.0
50216_G_GN91,1,12,0.0,0.0,0.0
50216_G_GN91,1,13,0.0,0.0,0.0
50216_G_GN91,1,14,0.0,0.0,0.0
50216_G_GN91,1,15,0.0,0.0,0.0
50216_G_GN91,1,16,0.0,0.0,0.0
50216_G_GN91,1,17,0.0,0.0,0.0
50216_G_GN91,1,18,0.0,0.0,0.0
50216_G_GN91,1,19,0.0,0.0,0.0
50216_G_GN91,1,20,0.0,0.0,0.0
50216_G_GN91,1,21,0.0,0.0,0.0
50216_G_GN91,1,22,0.0,0.0,0.0
50216_G_GN91,1,23,0.0,0.0,0.0
50216_G_GN91,1,24,0.0,0.0,0.0
50216_G_GN91,1,25,0.0,0.0,0.0
50216_G_GN92,1,1,0.0,0.0,0.0
50216_G_GN92,1,2,0.0,0.0,0.0
50216_G_GN92,1,3,0.0,0.0,0.0
50216_G_GN92,1,4,0.0,0.0,0.0
50216_G_GN92,1,5,0.0,0.0,0.0
50216_G_GN92,1,6,0.0,0.0,0.0
50216_G_GN92,1,7,0.0,0.0,0.0
50216_G_GN92,1,8,0.0,0.0,0.0
50216_G_GN92,1,9,0.0,0.0,0.0
50216_G_GN92,1,10,0.0,0.0,0.0
50216_G_GN92,1,11,0.0,0.0,0.0
50216_G_GN92,1,12,0.0,0.0,0.0
50216_G_GN92,1,13,0.0,0.0,0.0
50216_G_GN92,1,14,0.0,0.0,0.0
50216_G_GN92,1,15,0.0,0.0,0.0
50216_G_GN92,1,16,0.0,0.0,0.0
50216_G_GN92,1,17,0.0,0.0,0.0
50216_G_GN92,1,18,0.0,0.0,0.0
50216_G_GN92,1,19,0.0,0.0,0.0
50216_G_GN92,1,20,0.0,0.0,0.0
50216_G_GN92,1,21,0.0,0.0,0.0
50216_G_GN92,1,22,0.0,0.0,0.0
50216_G_GN92,1,23,0.0,0.0,0.0
50216_G_GN92,1,24,0.0,0.0,0.0
50216_G_GN92,1,25,0.0,0.0,0.0
50216_G_GN93,1,1,0.0,0.0,0.0
50216_G_GN93,1,2,0.0,0.0,0.0
50216_G_GN93,1,3,0.0,0.0,0.0
50216_G_GN93,1,4,0.0,0.0,0.0
50216_G_GN93,1,5,0.0,0.0,0.0
50216_G_GN93,1,6,0.0,0.0,0.0
50216_G_GN93,1,7,0.0,0.0,0.0
50216_G_GN93,1,8,0.0,0.0,0.0
50216_G_GN93,1,9,0.0,0.0,0.0
50216_G_GN93,1,10,0.0,0.0,0.0
50216_G_GN93,1,11,0.0,0.0,0.0
50216_G_GN93,1,12,0.0,0.0,0.0
50216_G_GN93,1,13,0.0,0.0,0.0
50216_G_GN93,1,14,0.0,0.0,0.0
50216_G_GN93,1,15,0.0,0.0,0.0
50216_G_GN93,1,16,0.0,0.0,0.0
50216_G_GN93,1,17,0.0,0.0,0.0
50216_G_GN93,1,18,0.0,0.0,0.0
50216_G_GN93,1,19,0.0,0.0,0.0
50216_G_GN93,1,20,0.0,0.0,0.0
50216_G_GN93,1,21,0.0,0.0,0.0
50216_G_GN93,1,22,0.0,0.0,0.0
50216_G_GN93,1,23,0.0,0.0,0.0
50216_G_GN93,1,24,0.0,0.0,0.0
50216_G_GN93,1,25,0.0,0.0,0.0
50216_G_GN94,1,1,0.0,0.0,0.0
50216_G_GN94,1,2,0.0,0.0,0.0
50216_G_GN94,1,3,0.0,0.0,0.0
50216_G_GN94,1,4,0.0,0.0,0.0
50216_G_GN94,1,5,0.0,0.0,0.0
50216_G_GN94,1,6,0.0,0.0,0.0
50216_G_GN94,1,7,0.0,0.0,0.0
50216_G_GN94,1,8,0.0,0.0,0.0
50216_G_GN94,1,9,0.0,0.0,0.0
50216_G_GN94,1,10,0.0,0.0,0.0
50216_G_GN94,1,11,0.0,0.0,0.0
50216_G_GN94,1,12,0.0,0.0,0.0
50216_G_GN94,1,13,0.0,0.0,0.0
50216_G_GN94,1,14,0.0,0.0,0.0
50216_G_GN94,1,15,0.0,0.0,0.0
50216_G_GN94,1,16,0.0,0.0,0.0
50216_G_GN94,1,17,0.0,0.0,0.0
50216_G_GN94,1,18,0.0,0.0,0.0
50216_G_GN94,1,19,0.0,0.0,0.0
50216_G_GN94,1,20,0.0,0.0,0.0
50216_G_GN94,1,21,0.0,0.0,0.0
50216_G_GN94,1,22,0.0,0.0,0.0
50216_G_GN94,1,23,0.0,0.0,0.0
50216_G_GN94,1,24,0.0,0.0,0.0
50216_G_GN94,1,25,0.0,0.0,0.0
50216_G_GN95,1,1,0.0,0.0,0.0
50216_G_GN95,1,2,0.0,0.0,0.0
50216_G_GN95,1,3,0.0,0.0,0.0
50216_G_GN95,1,4,0.0,0.0,0.0
50216_G_GN95,1,5,0.0,0.0,0.0
50216_G_GN95,1,6,0.0,0.0,0.0
50216_G_GN95,1,7,0.0,0.0,0.0
50216_G_GN95,1,8,0.0,0.0,0.0
50216_G_GN95,1,9,0.0,0.0,0.0
50216_G_GN95,1,10,0.0,0.0,0.0
50216_G_GN95,1,11,0.0,0.0,0.0
50216_G_GN95,1,12,0.0,0.0,0.0
50216_G_GN95,1,13,0.0,0.0,0.0
50216_G_GN95,1,14,0.0,0.0,0.0
50216_G_GN95,1,15,0.0,0.0,0.0
50216_G_GN95,1,16,0.0,0.0,0.0
50216_G_GN95,1,17,0.0,0.0,0.0
50216_G_GN95,1,18,0.0,0.0,0.0
50216_G_GN95,1,19,0.0,0.0,0.0
50216_G_GN95,1,20,0.0,0.0,0.0
50216_G_GN95,1,21,0.0,0.0,0.0
50216_G_GN95,1,22,0.0,0.0,0.0
50216_G_GN95,1,23,0.0,0.0,0.0
50216_G_GN95,1,24,0.0,0.0,0.0
50216_G_GN95,1,25,0.0,0.0,0.0
50216_G_GN96,1,1,0.0,0.0,0.0
50216_G_GN96,1,2,0.0,0.0,0.0
50216_G_GN96,1,3,0.0,0.0,0.0
50216_G_GN96,1,4,0.0,0.0,0.0
50216_G_GN96,1,5,0.0,0.0,0.0
50216_G_GN96,1,6,0.0,0.0,0.0
50216_G_GN96,1,7,0.0,0.0,0.0
50216_G_GN96,1,8,0.0,0.0,0.0
50216_G_GN96,1,9,0.0,0.0,0.0
50216_G_GN96,1,10,0.0,0.0,0.0
50216_G_GN96,1,11,0.0,0.0,0.0
50216_G_GN96,1,12,0.0,0.0,0.0
50216_G_GN96,1,13,0.0,0.0,0.0
50216_G_GN96,1,14,0.0,0.0,0.0
50216_G_GN96,1,15,0.0,0.0,0.0
50216_G_GN96,1,16,0.0,0.0,0.0
50216_G_GN96,1,17,0.0,0.0,0.0
50216_G_GN96,1,18,0.0,0.0,0.0
50216_G_GN96,1,19,0.0,0.0,0.0
50216_G_GN96,1,20,0.0,0.0,0.0
50216_G_GN96,1,21,0.0,0.0,0.0
50216_G_GN96,1,22,0.0,0.0,0.0
50216_G_GN96,1,23,0.0,0.0,0.0
50216_G_GN96,1,24,0.0,0.0,0.0
50216_G_GN96,1,25,0.0,0.0,0.0
50299_G_GEN1,1,1,0.0,0.0,0.0
50299_G_GEN1,1,2,0.0,0.0,0.0
50299_G_GEN1,1,3,0.0,0.0,0.0
50299_G_GEN1,1,4,0.0,0.0,0.0
50299_G_GEN1,1,5,0.0,0.0,0.0
50299_G_GEN1,1,6,0.0,0.0,0.0
50299_G_GEN1,1,7,0.0,0.0,0.0
50299_G_GEN1,1,8,0.0,0.0,0.0
50299_G_GEN1,1,9,0.0,0.0,0.0
50299_G_GEN1,1,10,0.0,0.0,0.0
50299_G_GEN1,1,11,0.0,0.0,0.0
50299_G_GEN1,1,12,0.0,0.0,0.0
50299_G_GEN1,1,13,0.0,0.0,0.0
50299_G_GEN1,1,14,0.0,0.0,0.0
50299_G_GEN1,1,15,0.0,0.0,0.0
50299_G_GEN1,1,16,0.0,0.0,0.0
50299_G_GEN1,1,17,0.0,0.0,0.0
50299_G_GEN1,1,18,0.0,0.0,0.0
50299_G_GEN1,1,19,0.0,0.0,0.0
50299_G_GEN1,1,20,0.0,0.0,0.0
50299_G_GEN1,1,21,0.0,0.0,0.0
50299_G_GEN1,1,22,0.0,0.0,0.0
50299_G_GEN1,1,23,0.0,0.0,0.0
50299_G_GEN1,1,24,0.0,0.0,0.0
50299_G_GEN1,1,25,0.0,0.0,0.0
50388_B_K1,1,1,3.4000000000000004,5.099999999999985,0.0
50388_B_K1,1,2,6.375000000000007,2.1250000000000004,0.0
50388_B_K1,1,3,8.5,0.0,0.0
50388_B_K1,1,4,8.5,0.0,0.0
50388_B_K1,1,5,8.5,0.0,0.0
50388_B_K1,1,6,8.5,0.0,0.0
50388_B_K1,1,7,6.375,2.125,0.0
50388_B_K1,1,8,3.4000000000000004,0.0,0.0
50388_B_K1,1,9,3.4000000000000004,0.0,0.0
50388_B_K1,1,10,3.4000000000000004,0.0,0.0
50388_B_K1,1,11,3.4000000000000004,0.0,0.0
50388_B_K1,1,12,3.4000000000000004,0.0,0.0
50388_B_K1,1,13,3.4000000000000004,0.0,0.0
50388_B_K1,1,14,3.4000000000000004,5.1,0.0
50388_B_K1,1,15,3.4000000000000004,5.1,0.0
50388_B_K1,1,16,6.375,2.124999999999839,0.0
50388_B_K1,1,17,8.5,0.0,0.0
50388_B_K1,1,18,8.5,0.0,0.0
50388_B_K1,1,19,8.5,0.0,0.0
50388_B_K1,1,20,8.5,0.0,0.0
50388_B_K1,1,21,8.5,0.0,0.0
50388_B_K1,1,22,8.5,0.0,0.0
50388_B_K1,1,23,8.5,0.0,0.0
50388_B_K1,1,24,8.5,0.0,0.0
50388_B_K1,1,25,8.5,0.0,0.0
50388_B_K2,1,1,3.4000000000000004,5.1,0.0
50388_B_K2,1,2,6.375,2.125000000000002,0.0
50388_B_K2,1,3,8.5,0.0,0.0
50388_B_K2,1,4,8.5,0.0,0.0
50388_B_K2,1,5,8.5,0.0,0.0
50388_B_K2,1,6,8.5,0.0,0.0
50388_B_K2,1,7,6.375,2.1250000000000058,0.0
50388_B_K2,1,8,3.4000000000000004,0.0,0.0
50388_B_K2,1,9,3.4000000000000004,0.0,0.0
50388_B_K2,1,10,3.4000000000000004,0.0,0.0
50388_B_K2,1,11,3.4000000000000004,0.0,0.0
50388_B_K2,1,12,3.4000000000000004,0.0,0.0
50388_B_K2,1,13,3.4000000000000004,0.0,0.0
50388_B_K2,1,14,3.4000000000000004,5.1,0.0
50388_B_K2,1,15,3.4000000000000004,5.1,0.0
50388_B_K2,1,16,6.375,2.1250000000000058,0.0
50388_B_K2,1,17,8.5,0.0,0.0
50388_B_K2,1,18,8.5,0.0,0.0
50388_B_K2,1,19,8.5,0.0,0.0
50388_B_K2,1,20,8.5,0.0,0.0
50388_B_K2,1,21,8.5,0.0,0.0
50388_B_K2,1,22,8.5,0.0,0.0
50388_B_K2,1,23,8.5,0.0,0.0
50388_B_K2,1,24,8.5,0.0,0.0
50388_B_K2,1,25,8.5,0.0,0.0
50541_G_GEN1,1,1,0.0,0.0,0.0
50541_G_GEN1,1,2,0.0,0.0,0.0
50541_G_GEN1,1,3,0.0,0.0,0.0
50541_G_GEN1,1,4,0.0,0.0,0.0
50541_G_GEN1,1,5,0.0,0.0,0.0
50541_G_GEN1,1,6,0.0,0.0,0.0
50541_G_GEN1,1,7,0.0,0.0,0.0
50541_G_GEN1,1,8,0.0,0.0,0.0
50541_G_GEN1,1,9,0.0,0.0,0.0
50541_G_GEN1,1,10,0.0,0.0,0.0
50541_G_GEN1,1,11,0.0,0.0,0.0
50541_G_GEN1,1,12,0.0,0.0,0.0
50541_G_GEN1,1,13,0.0,0.0,0.0
50541_G_GEN1,1,14,0.0,0.0,0.0
50541_G_GEN1,1,15,0.0,0.0,0.0
50541_G_GEN1,1,16,0.0,0.0,0.0
50541_G_GEN1,1,17,0.0,0.0,0.0
50541_G_GEN1,1,18,0.0,0.0,0.0
50541_G_GEN1,1,19,0.0,0.0,0.0
50541_G_GEN1,1,20,0.0,0.0,0.0
50541_G_GEN1,1,21,0.0,0.0,0.0
50541_G_GEN1,1,22,0.0,0.0,0.0
50541_G_GEN1,1,23,0.0,0.0,0.0
50541_G_GEN1,1,24,0.0,0.0,0.0
50541_G_GEN1,1,25,0.0,0.0,0.0
50541_G_ST1,1,1,0.0,0.0,0.0
50541_G_ST1,1,2,0.0,0.0,0.0
50541_G_ST1,1,3,0.0,0.0,0.0
50541_G_ST1,1,4,0.0,0.0,0.0
50541_G_ST1,1,5,0.0,0.0,0.0
50541_G_ST1,1,6,0.0,0.0,0.0
50541_G_ST1,1,7,0.0,0.0,0.0
50541_G_ST1,1,8,0.0,0.0,0.0
50541_G_ST1,1,9,0.0,0.0,0.0
50541_G_ST1,1,10,0.0,0.0,0.0
50541_G_ST1,1,11,0.0,0.0,0.0
50541_G_ST1,1,12,0.0,0.0,0.0
50541_G_ST1,1,13,0.0,0.0,0.0
50541_G_ST1,1,14,0.0,0.0,0.0
50541_G_ST1,1,15,0.0,0.0,0.0
50541_G_ST1,1,16,0.0,0.0,0.0
50541_G_ST1,1,17,0.0,0.0,0.0
50541_G_ST1,1,18,0.0,0.0,0.0
50541_G_ST1,1,19,0.0,0.0,0.0
50541_G_ST1,1,20,0.0,0.0,0.0
50541_G_ST1,1,21,0.0,0.0,0.0
50541_G_ST1,1,22,0.0,0.0,0.0
50541_G_ST1,1,23,0.0,0.0,0.0
50541_G_ST1,1,24,0.0,0.0,0.0
50541_G_ST1,1,25,0.0,0.0,0.0
50541_G_ST2,1,1,0.0,0.0,0.0
50541_G_ST2,1,2,0.0,0.0,0.0
50541_G_ST2,1,3,0.0,0.0,0.0
50541_G_ST2,1,4,0.0,0.0,0.0
50541_G_ST2,1,5,0.0,0.0,0.0
50541_G_ST2,1,6,0.0,0.0,0.0
50541_G_ST2,1,7,0.0,0.0,0.0
50541_G_ST2,1,8,0.0,0.0,0.0
50541_G_ST2,1,9,0.0,0.0,0.0
50541_G_ST2,1,10,0.0,0.0,0.0
50541_G_ST2,1,11,0.0,0.0,0.0
50541_G_ST2,1,12,0.0,0.0,0.0
50541_G_ST2,1,13,0.0,0.0,0.0
50541_G_ST2,1,14,0.0,0.0,0.0
50541_G_ST2,1,15,0.0,0.0,0.0
50541_G_ST2,1,16,0.0,0.0,0.0
50541_G_ST2,1,17,0.0,0.0,0.0
50541_G_ST2,1,18,0.0,0.0,0.0
50541_G_ST2,1,19,0.0,0.0,0.0
50541_G_ST2,1,20,0.0,0.0,0.0
50541_G_ST2,1,21,0.0,0.0,0.0
50541_G_ST2,1,22,0.0,0.0,0.0
50541_G_ST2,1,23,0.0,0.0,0.0
50541_G_ST2,1,24,0.0,0.0,0.0
50541_G_ST2,1,25,0.0,0.0,0.0
50571_G_GEN1,1,1,24.36,0.0,0.0
50571_G_GEN1,1,2,60.9,0.0,0.0
50571_G_GEN1,1,3,60.9,0.0,0.0
50571_G_GEN1,1,4,60.9,0.0,0.0
50571_G_GEN1,1,5,60.9,0.0,0.0
50571_G_GEN1,1,6,60.9,0.0,0.0
50571_G_GEN1,1,7,60.9,0.0,0.0
50571_G_GEN1,1,8,24.36,0.0,0.0
50571_G_GEN1,1,9,24.36,0.0,0.0
50571_G_GEN1,1,10,24.36,0.0,0.0
50571_G_GEN1,1,11,24.36,0.0,0.0
50571_G_GEN1,1,12,24.36,0.0,0.0
50571_G_GEN1,1,13,24.36,0.0,0.0
50571_G_GEN1,1,14,24.36,0.0,0.0
50571_G_GEN1,1,15,24.36,0.0,0.0
50571_G_GEN1,1,16,60.9,0.0,0.0
50571_G_GEN1,1,17,60.9,0.0,0.0
50571_G_GEN1,1,18,60.9,0.0,0.0
50571_G_GEN1,1,19,60.9,0.0,0.0
50571_G_GEN1,1,20,60.9,0.0,0.0
50571_G_GEN1,1,21,60.9,0.0,0.0
50571_G_GEN1,1,22,60.9,0.0,0.0
50571_G_GEN1,1,23,60.9,0.0,0.0
50571_G_GEN1,1,24,60.9,0.0,0.0
50571_G_GEN1,1,25,60.9,0.0,0.0
50632_B_1,1,1,19.160000000000004,0.0,0.0
50632_B_1,1,2,47.90000000000001,0.0,0.0
50632_B_1,1,3,47.90000000000001,0.0,0.0
50632_B_1,1,4,47.90000000000001,0.0,0.0
50632_B_1,1,5,47.90000000000001,0.0,0.0
50632_B_1,1,6,47.90000000000001,0.0,0.0
50632_B_1,1,7,47.90000000000001,0.0,0.0
50632_B_1,1,8,19.160000000000004,0.0,0.0
50632_B_1,1,9,19.160000000000004,0.0,0.0
50632_B_1,1,10,19.160000000000004,0.0,0.0
50632_B_1,1,11,19.160000000000004,0.0,0.0
50632_B_1,1,12,19.160000000000004,0.0,0.0
50632_B_1,1,13,19.160000000000004,0.0,0.0
50632_B_1,1,14,19.160000000000004,0.0,0.0
50632_B_1,1,15,19.160000000000004,0.0,0.0
50632_B_1,1,16,47.90000000000001,0.0,0.0
50632_B_1,1,17,47.90000000000001,0.0,0.0
50632_B_1,1,18,47.90000000000001,0.0,0.0
50632_B_1,1,19,47.90000000000001,0.0,0.0
50632_B_1,1,20,47.90000000000001,0.0,0.0
50632_B_1,1,21,47.90000000000001,0.0,0.0
50632_B_1,1,22,47.90000000000001,0.0,0.0
50632_B_1,1,23,47.90000000000001,0.0,0.0
50632_B_1,1,24,47.90000000000001,0.0,0.0
50632_B_1,1,25,47.90000000000001,0.0,0.0
50748_G_GEN1,1,1,0.0,0.0,0.0
50748_G_GEN1,1,2,0.0,0.0,0.0
50748_G_GEN1,1,3,0.0,0.0,0.0
50748_G_GEN1,1,4,0.0,0.0,0.0
50748_G_GEN1,1,5,0.0,0.0,0.0
50748_G_GEN1,1,6,0.0,0.0,0.0
50748_G_GEN1,1,7,0.0,0.0,0.0
50748_G_GEN1,1,8,0.0,0.0,0.0
50748_G_GEN1,1,9,0.0,0.0,0.0
50748_G_GEN1,1,10,0.0,0.0,0.0
50748_G_GEN1,1,11,0.0,0.0,0.0
50748_G_GEN1,1,12,0.0,0.0,0.0
50748_G_GEN1,1,13,0.0,0.0,0.0
50748_G_GEN1,1,14,0.0,0.0,0.0
50748_G_GEN1,1,15,0.0,0.0,0.0
50748_G_GEN1,1,16,0.0,0.0,0.0
50748_G_GEN1,1,17,0.0,0.0,0.0
50748_G_GEN1,1,18,0.0,0.0,0.0
50748_G_GEN1,1,19,0.0,0.0,0.0
50748_G_GEN1,1,20,0.0,0.0,0.0
50748_G_GEN1,1,21,0.0,0.0,0.0
50748_G_GEN1,1,22,0.0,0.0,0.0
50748_G_GEN1,1,23,0.0,0.0,0.0
50748_G_GEN1,1,24,0.0,0.0,0.0
50748_G_GEN1,1,25,0.0,0.0,0.0
50748_G_GEN2,1,1,0.0,0.0,0.0
50748_G_GEN2,1,2,0.0,0.0,0.0
50748_G_GEN2,1,3,0.0,0.0,0.0
50748_G_GEN2,1,4,0.0,0.0,0.0
50748_G_GEN2,1,5,0.0,0.0,0.0
50748_G_GEN2,1,6,0.0,0.0,0.0
50748_G_GEN2,1,7,0.0,0.0,0.0
50748_G_GEN2,1,8,0.0,0.0,0.0
50748_G_GEN2,1,9,0.0,0.0,0.0
50748_G_GEN2,1,10,0.0,0.0,0.0
50748_G_GEN2,1,11,0.0,0.0,0.0
50748_G_GEN2,1,12,0.0,0.0,0.0
50748_G_GEN2,1,13,0.0,0.0,0.0
50748_G_GEN2,1,14,0.0,0.0,0.0
50748_G_GEN2,1,15,0.0,0.0,0.0
50748_G_GEN2,1,16,0.0,0.0,0.0
50748_G_GEN2,1,17,0.0,0.0,0.0
50748_G_GEN2,1,18,0.0,0.0,0.0
50748_G_GEN2,1,19,0.0,0.0,0.0
50748_G_GEN2,1,20,0.0,0.0,0.0
50748_G_GEN2,1,21,0.0,0.0,0.0
50748_G_GEN2,1,22,0.0,0.0,0.0
50748_G_GEN2,1,23,0.0,0.0,0.0
50748_G_GEN2,1,24,0.0,0.0,0.0
50748_G_GEN2,1,25,0.0,0.0,0.0
50750_G_GEN1,1,1,0.0,0.0,0.0
50750_G_GEN1,1,2,0.0,0.0,0.0
50750_G_GEN1,1,3,0.0,0.0,0.0
50750_G_GEN1,1,4,0.0,0.0,0.0
50750_G_GEN1,1,5,0.0,0.0,0.0
50750_G_GEN1,1,6,0.0,0.0,0.0
50750_G_GEN1,1,7,0.0,0.0,0.0
50750_G_GEN1,1,8,0.0,0.0,0.0
50750_G_GEN1,1,9,0.0,0.0,0.0
50750_G_GEN1,1,10,0.0,0.0,0.0
50750_G_GEN1,1,11,0.0,0.0,0.0
50750_G_GEN1,1,12,0.0,0.0,0.0
50750_G_GEN1,1,13,0.0,0.0,0.0
50750_G_GEN1,1,14,0.0,0.0,0.0
50750_G_GEN1,1,15,0.0,0.0,0.0
50750_G_GEN1,1,16,0.0,0.0,0.0
50750_G_GEN1,1,17,0.0,0.0,0.0
50750_G_GEN1,1,18,0.0,0.0,0.0
50750_G_GEN1,1,19,0.0,0.0,0.0
50750_G_GEN1,1,20,0.0,0.0,0.0
50750_G_GEN1,1,21,0.0,0.0,0.0
50750_G_GEN1,1,22,0.0,0.0,0.0
50750_G_GEN1,1,23,0.0,0.0,0.0
50750_G_GEN1,1,24,0.0,0.0,0.0
50750_G_GEN1,1,25,0.0,0.0,0.0
50766_G_ITLU1,1,1,11.5,0.0,0.0
50766_G_ITLU1,1,2,11.5,0.0,0.0
50766_G_ITLU1,1,3,11.5,0.0,0.0
50766_G_ITLU1,1,4,11.5,0.0,0.0
50766_G_ITLU1,1,5,11.5,0.0,0.0
50766_G_ITLU1,1,6,11.5,0.0,0.0
50766_G_ITLU1,1,7,11.5,0.0,0.0
50766_G_ITLU1,1,8,7.566999999999999,0.0,0.0
50766_G_ITLU1,1,9,4.6000000000000005,0.0,0.0
50766_G_ITLU1,1,10,4.6000000000000005,0.0,0.0
50766_G_ITLU1,1,11,4.6000000000000005,0.0,0.0
50766_G_ITLU1,1,12,4.6000000000000005,0.0,0.0
50766_G_ITLU1,1,13,7.567,0.0,0.0
50766_G_ITLU1,1,14,11.5,0.0,0.0
50766_G_ITLU1,1,15,11.5,0.0,0.0
50766_G_ITLU1,1,16,11.5,0.0,0.0
50766_G_ITLU1,1,17,11.5,0.0,0.0
50766_G_ITLU1,1,18,11.5,0.0,0.0
50766_G_ITLU1,1,19,11.5,0.0,0.0
50766_G_ITLU1,1,20,11.5,0.0,0.0
50766_G_ITLU1,1,21,11.5,0.0,0.0
50766_G_ITLU1,1,22,11.5,0.0,0.0
50766_G_ITLU1,1,23,11.5,0.0,0.0
50766_G_ITLU1,1,24,11.5,0.0,0.0
50766_G_ITLU1,1,25,11.5,0.0,0.0
50766_G_ITLU2,1,1,8.5,0.0,0.0
50766_G_ITLU2,1,2,8.5,0.0,0.0
50766_G_ITLU2,1,3,8.5,0.0,0.0
50766_G_ITLU2,1,4,8.5,0.0,0.0
50766_G_ITLU2,1,5,8.5,0.0,0.0
50766_G_ITLU2,1,6,8.5,0.0,0.0
50766_G_ITLU2,1,7,8.5,0.0,0.0
50766_G_ITLU2,1,8,5.593,0.0,0.0
50766_G_ITLU2,1,9,3.4000000000000004,0.0,0.0
50766_G_ITLU2,1,10,3.4000000000000004,0.0,0.0
50766_G_ITLU2,1,11,3.4000000000000004,0.0,0.0
50766_G_ITLU2,1,12,3.4000000000000004,0.0,0.0
50766_G_ITLU2,1,13,5.593,0.0,0.0
50766_G_ITLU2,1,14,8.5,0.0,0.0
50766_G_ITLU2,1,15,8.5,0.0,0.0
50766_G_ITLU2,1,16,8.5,0.0,0.0
50766_G_ITLU2,1,17,8.5,0.0,0.0
50766_G_ITLU2,1,18,8.5,0.0,0.0
50766_G_ITLU2,1,19,8.5,0.0,0.0
50766_G_ITLU2,1,20,8.5,0.0,0.0
50766_G_ITLU2,1,21,8.5,0.0,0.0
50766_G_ITLU2,1,22,8.5,0.0,0.0
50766_G_ITLU2,1,23,8.5,0.0,0.0
50766_G_ITLU2,1,24,8.5,0.0,0.0
50766_G_ITLU2,1,25,8.5,0.0,0.0
50766_G_OE31,1,1,0.7,0.0,0.0
50766_G_OE31,1,2,0.7,0.0,0.0
50766_G_OE31,1,3,0.7,0.0,0.0
50766_G_OE31,1,4,0.7,0.0,0.0
50766_G_OE31,1,5,0.7,0.0,0.0
50766_G_OE31,1,6,0.7,0.0,0.0
50766_G_OE31,1,7,0.7,0.0,0.0
50766_G_OE31,1,8,0.4605999999999993,0.0,0.0
50766_G_OE31,1,9,0.28,0.0,0.0
50766_G_OE31,1,10,0.28,0.0,0.0
50766_G_OE31,1,11,0.28,0.0,0.0
50766_G_OE31,1,12,0.28,0.0,0.0
50766_G_OE31,1,13,0.46059999999999995,0.0,0.0
50766_G_OE31,1,14,0.7,0.0,0.0
50766_G_OE31,1,15,0.7,0.0,0.0
50766_G_OE31,1,16,0.7,0.0,0.0
50766_G_OE31,1,17,0.7,0.0,0.0
50766_G_OE31,1,18,0.7,0.0,0.0
50766_G_OE31,1,19,0.7,0.0,0.0
50766_G_OE31,1,20,0.7,0.0,0.0
50766_G_OE31,1,21,0.7,0.0,0.0
50766_G_OE31,1,22,0.7,0.0,0.0
50766_G_OE31,1,23,0.7,0.0,0.0
50766_G_OE31,1,24,0.7,0.0,0.0
50766_G_OE31,1,25,0.7,0.0,0.0
50766_G_OE32,1,1,0.7,0.0,0.0
50766_G_OE32,1,2,0.7,0.0,0.0
50766_G_OE32,1,3,0.7,0.0,0.0
50766_G_OE32,1,4,0.7,0.0,0.0
50766_G_OE32,1,5,0.7,0.0,0.0
50766_G_OE32,1,6,0.7,0.0,0.0
50766_G_OE32,1,7,0.7,0.0,0.0
50766_G_OE32,1,8,0.4605999999999999,0.0,0.0
50766_G_OE32,1,9,0.28,0.0,0.0
50766_G_OE32,1,10,0.28,0.0,0.0
50766_G_OE32,1,11,0.28,0.0,0.0
50766_G_OE32,1,12,0.28,0.0,0.0
50766_G_OE32,1,13,0.46059999999999995,0.0,0.0
50766_G_OE32,1,14,0.7,0.0,0.0
50766_G_OE32,1,15,0.7,0.0,0.0
50766_G_OE32,1,16,0.7,0.0,0.0
50766_G_OE32,1,17,0.7,0.0,0.0
50766_G_OE32,1,18,0.7,0.0,0.0
50766_G_OE32,1,19,0.7,0.0,0.0
50766_G_OE32,1,20,0.7,0.0,0.0
50766_G_OE32,1,21,0.7,0.0,0.0
50766_G_OE32,1,22,0.7,0.0,0.0
50766_G_OE32,1,23,0.7,0.0,0.0
50766_G_OE32,1,24,0.7,0.0,0.0
50766_G_OE32,1,25,0.7,0.0,0.0
50831_G_GEN1,1,1,0.8,0.0,0.0
50831_G_GEN1,1,2,2.0,0.0,0.0
50831_G_GEN1,1,3,2.0,0.0,0.0
50831_G_GEN1,1,4,2.0,0.0,0.0
50831_G_GEN1,1,5,2.0,0.0,0.0
50831_G_GEN1,1,6,2.0,0.0,0.0
50831_G_GEN1,1,7,2.0,0.0,0.0
50831_G_GEN1,1,8,0.8,0.0,0.0
50831_G_GEN1,1,9,0.8,0.0,0.0
50831_G_GEN1,1,10,0.8,0.0,0.0
50831_G_GEN1,1,11,0.8,0.0,0.0
50831_G_GEN1,1,12,0.8,0.0,0.0
50831_G_GEN1,1,13,0.8,0.0,0.0
50831_G_GEN1,1,14,0.8,0.0,0.0
50831_G_GEN1,1,15,0.8,0.0,0.0
50831_G_GEN1,1,16,2.0,0.0,0.0
50831_G_GEN1,1,17,2.0,0.0,0.0
50831_G_GEN1,1,18,2.0,0.0,0.0
50831_G_GEN1,1,19,2.0,0.0,0.0
50831_G_GEN1,1,20,2.0,0.0,0.0
50831_G_GEN1,1,21,2.0,0.0,0.0
50831_G_GEN1,1,22,2.0,0.0,0.0
50831_G_GEN1,1,23,2.0,0.0,0.0
50831_G_GEN1,1,24,2.0,0.0,0.0
50831_G_GEN1,1,25,2.0,0.0,0.0
50849_G_GEN1,1,1,0.0,0.0,0.0
50849_G_GEN1,1,2,0.0,0.0,0.0
50849_G_GEN1,1,3,0.0,0.0,0.0
50849_G_GEN1,1,4,0.0,0.0,0.0
50849_G_GEN1,1,5,0.0,0.0,0.0
50849_G_GEN1,1,6,0.0,0.0,0.0
50849_G_GEN1,1,7,0.0,0.0,0.0
50849_G_GEN1,1,8,0.0,0.0,0.0
50849_G_GEN1,1,9,0.0,0.0,0.0
50849_G_GEN1,1,10,0.0,0.0,0.0
50849_G_GEN1,1,11,0.0,0.0,0.0
50849_G_GEN1,1,12,0.0,0.0,0.0
50849_G_GEN1,1,13,0.0,0.0,0.0
50849_G_GEN1,1,14,0.0,0.0,0.0
50849_G_GEN1,1,15,0.0,0.0,0.0
50849_G_GEN1,1,16,0.0,0.0,0.0
50849_G_GEN1,1,17,0.0,0.0,0.0
50849_G_GEN1,1,18,0.0,0.0,0.0
50849_G_GEN1,1,19,0.0,0.0,0.0
50849_G_GEN1,1,20,0.0,0.0,0.0
50849_G_GEN1,1,21,0.0,0.0,0.0
50849_G_GEN1,1,22,0.0,0.0,0.0
50849_G_GEN1,1,23,0.0,0.0,0.0
50849_G_GEN1,1,24,0.0,0.0,0.0
50849_G_GEN1,1,25,0.0,0.0,0.0
50849_G_GEN2,1,1,0.0,0.0,0.0
50849_G_GEN2,1,2,0.0,0.0,0.0
50849_G_GEN2,1,3,0.0,0.0,0.0
50849_G_GEN2,1,4,0.0,0.0,0.0
50849_G_GEN2,1,5,0.0,0.0,0.0
50849_G_GEN2,1,6,0.0,0.0,0.0
50849_G_GEN2,1,7,0.0,0.0,0.0
50849_G_GEN2,1,8,0.0,0.0,0.0
50849_G_GEN2,1,9,0.0,0.0,0.0
50849_G_GEN2,1,10,0.0,0.0,0.0
50849_G_GEN2,1,11,0.0,0.0,0.0
50849_G_GEN2,1,12,0.0,0.0,0.0
50849_G_GEN2,1,13,0.0,0.0,0.0
50849_G_GEN2,1,14,0.0,0.0,0.0
50849_G_GEN2,1,15,0.0,0.0,0.0
50849_G_GEN2,1,16,0.0,0.0,0.0
50849_G_GEN2,1,17,0.0,0.0,0.0
50849_G_GEN2,1,18,0.0,0.0,0.0
50849_G_GEN2,1,19,0.0,0.0,0.0
50849_G_GEN2,1,20,0.0,0.0,0.0
50849_G_GEN2,1,21,0.0,0.0,0.0
50849_G_GEN2,1,22,0.0,0.0,0.0
50849_G_GEN2,1,23,0.0,0.0,0.0
50849_G_GEN2,1,24,0.0,0.0,0.0
50849_G_GEN2,1,25,0.0,0.0,0.0
50850_G_GEN1,1,1,9.0,0.0,0.0
50850_G_GEN1,1,2,9.0,0.0,0.0
50850_G_GEN1,1,3,9.0,0.0,0.0
50850_G_GEN1,1,4,9.0,0.0,0.0
50850_G_GEN1,1,5,22.5,0.0,0.0
50850_G_GEN1,1,6,9.0,0.0,0.0
50850_G_GEN1,1,7,9.0,0.0,0.0
50850_G_GEN1,1,8,9.0,0.0,0.0
50850_G_GEN1,1,9,9.0,0.0,0.0
50850_G_GEN1,1,10,9.0,0.0,0.0
50850_G_GEN1,1,11,9.0,0.0,0.0
50850_G_GEN1,1,12,9.0,0.0,0.0
50850_G_GEN1,1,13,9.0,0.0,0.0
50850_G_GEN1,1,14,9.0,0.0,0.0
50850_G_GEN1,1,15,9.0,0.0,0.0
50850_G_GEN1,1,16,22.5,0.0,0.0
50850_G_GEN1,1,17,9.0,0.0,0.0
50850_G_GEN1,1,18,22.5,0.0,0.0
50850_G_GEN1,1,19,22.5,0.0,0.0
50850_G_GEN1,1,20,22.5,0.0,0.0
50850_G_GEN1,1,21,22.5,0.0,0.0
50850_G_GEN1,1,22,22.5,0.0,0.0
50850_G_GEN1,1,23,22.5,0.0,0.0
50850_G_GEN1,1,24,22.5,0.0,0.0
50850_G_GEN1,1,25,9.0,0.0,0.0
50850_G_GEN2,1,1,2.6,0.0,0.0
50850_G_GEN2,1,2,2.6,0.0,0.0
50850_G_GEN2,1,3,2.6,0.0,0.0
50850_G_GEN2,1,4,2.6,0.0,0.0
50850_G_GEN2,1,5,6.5,0.0,0.0
50850_G_GEN2,1,6,2.6,0.0,0.0
50850_G_GEN2,1,7,2.6,0.0,0.0
50850_G_GEN2,1,8,2.6,0.0,0.0
50850_G_GEN2,1,9,2.6,0.0,0.0
50850_G_GEN2,1,10,2.6,0.0,0.0
50850_G_GEN2,1,11,2.6,0.0,0.0
50850_G_GEN2,1,12,2.6,0.0,0.0
50850_G_GEN2,1,13,2.6,0.0,0.0
50850_G_GEN2,1,14,2.6,0.0,0.0
50850_G_GEN2,1,15,2.6,0.0,0.0
50850_G_GEN2,1,16,6.5,0.0,0.0
50850_G_GEN2,1,17,2.6,0.0,0.0
50850_G_GEN2,1,18,2.6,0.0,0.0
50850_G_GEN2,1,19,6.5,0.0,0.0
50850_G_GEN2,1,20,6.5,0.0,0.0
50850_G_GEN2,1,21,6.5,0.0,0.0
50850_G_GEN2,1,22,6.5,0.0,0.0
50850_G_GEN2,1,23,6.5,0.0,0.0
50850_G_GEN2,1,24,6.5,0.0,0.0
50850_G_GEN2,1,25,2.6,0.0,0.0
50851_G_GEN1,1,1,0.0,0.0,0.0
50851_G_GEN1,1,2,0.0,0.0,0.0
50851_G_GEN1,1,3,0.0,0.0,0.0
50851_G_GEN1,1,4,0.0,0.0,0.0
50851_G_GEN1,1,5,0.0,0.0,0.0
50851_G_GEN1,1,6,0.0,0.0,0.0
50851_G_GEN1,1,7,0.0,0.0,0.0
50851_G_GEN1,1,8,0.0,0.0,0.0
50851_G_GEN1,1,9,0.0,0.0,0.0
50851_G_GEN1,1,10,0.0,0.0,0.0
50851_G_GEN1,1,11,0.0,0.0,0.0
50851_G_GEN1,1,12,0.0,0.0,0.0
50851_G_GEN1,1,13,0.0,0.0,0.0
50851_G_GEN1,1,14,0.0,0.0,0.0
50851_G_GEN1,1,15,0.0,0.0,0.0
50851_G_GEN1,1,16,0.0,0.0,0.0
50851_G_GEN1,1,17,0.0,0.0,0.0
50851_G_GEN1,1,18,0.0,0.0,0.0
50851_G_GEN1,1,19,0.0,0.0,0.0
50851_G_GEN1,1,20,0.0,0.0,0.0
50851_G_GEN1,1,21,0.0,0.0,0.0
50851_G_GEN1,1,22,0.0,0.0,0.0
50851_G_GEN1,1,23,0.0,0.0,0.0
50851_G_GEN1,1,24,0.0,0.0,0.0
50851_G_GEN1,1,25,0.0,0.0,0.0
50851_G_GEN2,1,1,0.0,0.0,0.0
50851_G_GEN2,1,2,0.0,0.0,0.0
50851_G_GEN2,1,3,0.0,0.0,0.0
50851_G_GEN2,1,4,0.0,0.0,0.0
50851_G_GEN2,1,5,0.0,0.0,0.0
50851_G_GEN2,1,6,0.0,0.0,0.0
50851_G_GEN2,1,7,0.0,0.0,0.0
50851_G_GEN2,1,8,0.0,0.0,0.0
50851_G_GEN2,1,9,0.0,0.0,0.0
50851_G_GEN2,1,10,0.0,0.0,0.0
50851_G_GEN2,1,11,0.0,0.0,0.0
50851_G_GEN2,1,12,0.0,0.0,0.0
50851_G_GEN2,1,13,0.0,0.0,0.0
50851_G_GEN2,1,14,0.0,0.0,0.0
50851_G_GEN2,1,15,0.0,0.0,0.0
50851_G_GEN2,1,16,0.0,0.0,0.0
50851_G_GEN2,1,17,0.0,0.0,0.0
50851_G_GEN2,1,18,0.0,0.0,0.0
50851_G_GEN2,1,19,0.0,0.0,0.0
50851_G_GEN2,1,20,0.0,0.0,0.0
50851_G_GEN2,1,21,0.0,0.0,0.0
50851_G_GEN2,1,22,0.0,0.0,0.0
50851_G_GEN2,1,23,0.0,0.0,0.0
50851_G_GEN2,1,24,0.0,0.0,0.0
50851_G_GEN2,1,25,0.0,0.0,0.0
50964_G_IND,1,1,1.1,0.0,0.0
50964_G_IND,1,2,1.1,0.0,0.0
50964_G_IND,1,3,1.1,0.0,0.0
50964_G_IND,1,4,1.1,0.0,0.0
50964_G_IND,1,5,1.1,0.0,0.0
50964_G_IND,1,6,1.1,0.0,0.0
50964_G_IND,1,7,1.1,0.0,0.0
50964_G_IND,1,8,0.7238000000000002,0.0,0.0
50964_G_IND,1,9,0.4400000000000001,0.0,0.0
50964_G_IND,1,10,0.4400000000000001,0.0,0.0
50964_G_IND,1,11,0.4400000000000001,0.0,0.0
50964_G_IND,1,12,0.4400000000000001,0.0,0.0
50964_G_IND,1,13,0.7238000000000001,0.0,0.0
50964_G_IND,1,14,1.1,0.0,0.0
50964_G_IND,1,15,1.1,0.0,0.0
50964_G_IND,1,16,1.1,0.0,0.0
50964_G_IND,1,17,1.1,0.0,0.0
50964_G_IND,1,18,1.1,0.0,0.0
50964_G_IND,1,19,1.1,0.0,0.0
50964_G_IND,1,20,1.1,0.0,0.0
50964_G_IND,1,21,1.1,0.0,0.0
50964_G_IND,1,22,1.1,0.0,0.0
50964_G_IND,1,23,1.1,0.0,0.0
50964_G_IND,1,24,1.1,0.0,0.0
50964_G_IND,1,25,1.1,0.0,0.0
50964_G_SYN,1,1,1.1,0.0,0.0
50964_G_SYN,1,2,1.1,0.0,0.0
50964_G_SYN,1,3,1.1,0.0,0.0
50964_G_SYN,1,4,1.1,0.0,0.0
50964_G_SYN,1,5,1.1,0.0,0.0
50964_G_SYN,1,6,1.1,0.0,0.0
50964_G_SYN,1,7,1.1,0.0,0.0
50964_G_SYN,1,8,0.7238000000000002,0.37619999999999987,0.2838000000000001
50964_G_SYN,1,9,0.4400000000000001,0.6599999999999999,0.0
50964_G_SYN,1,10,0.4400000000000001,0.6599999999999999,0.0
50964_G_SYN,1,11,0.4400000000000001,0.6599999999999999,0.0
50964_G_SYN,1,12,0.4400000000000001,0.6599999999999999,0.0
50964_G_SYN,1,13,0.7238000000000002,0.3762000000000002,0.28380000000000055
50964_G_SYN,1,14,1.1,0.0,0.0
50964_G_SYN,1,15,1.1,0.0,0.0
50964_G_SYN,1,16,1.1,0.0,0.0
50964_G_SYN,1,17,1.1,0.0,0.0
50964_G_SYN,1,18,1.1,0.0,0.0
50964_G_SYN,1,19,1.1,0.0,0.0
50964_G_SYN,1,20,1.1,0.0,0.0
50964_G_SYN,1,21,1.1,0.0,0.0
50964_G_SYN,1,22,1.1,0.0,0.0
50964_G_SYN,1,23,1.1,0.0,0.0
50964_G_SYN,1,24,1.1,0.0,0.0
50964_G_SYN,1,25,1.1,0.0,0.0
510_G_1,1,1,50.0,0.0,0.0
510_G_1,1,2,50.0,0.0,0.0
510_G_1,1,3,50.0,0.0,0.0
510_G_1,1,4,50.0,0.0,0.0
510_G_1,1,5,50.0,0.0,0.0
510_G_1,1,6,50.0,0.0,0.0
510_G_1,1,7,50.0,0.0,0.0
510_G_1,1,8,32.9,0.0,0.0
510_G_1,1,9,20.0,0.0,0.0
510_G_1,1,10,20.0,0.0,0.0
510_G_1,1,11,20.0,0.0,0.0
510_G_1,1,12,20.0,0.0,0.0
510_G_1,1,13,32.9,0.0,0.0
510_G_1,1,14,50.0,0.0,0.0
510_G_1,1,15,50.0,0.0,0.0
510_G_1,1,16,50.0,0.0,0.0
510_G_1,1,17,50.0,0.0,0.0
510_G_1,1,18,50.0,0.0,0.0
510_G_1,1,19,50.0,0.0,0.0
510_G_1,1,20,50.0,0.0,0.0
510_G_1,1,21,50.0,0.0,0.0
510_G_1,1,22,50.0,0.0,0.0
510_G_1,1,23,49.99999999999943,0.0,0.0
510_G_1,1,24,50.0,0.0,0.0
510_G_1,1,25,50.0,0.0,0.0
52073_G_GEN1,1,1,0.0,0.0,0.0
52073_G_GEN1,1,2,0.0,0.0,0.0
52073_G_GEN1,1,3,0.0,0.0,0.0
52073_G_GEN1,1,4,0.0,0.0,0.0
52073_G_GEN1,1,5,0.0,0.0,0.0
52073_G_GEN1,1,6,0.0,0.0,0.0
52073_G_GEN1,1,7,0.0,0.0,0.0
52073_G_GEN1,1,8,0.0,0.0,0.0
52073_G_GEN1,1,9,0.0,0.0,0.0
52073_G_GEN1,1,10,0.0,0.0,0.0
52073_G_GEN1,1,11,0.0,0.0,0.0
52073_G_GEN1,1,12,0.0,0.0,0.0
52073_G_GEN1,1,13,0.0,0.0,0.0
52073_G_GEN1,1,14,0.0,0.0,0.0
52073_G_GEN1,1,15,0.0,0.0,0.0
52073_G_GEN1,1,16,0.0,0.0,0.0
52073_G_GEN1,1,17,0.0,0.0,0.0
52073_G_GEN1,1,18,0.0,0.0,0.0
52073_G_GEN1,1,19,0.0,0.0,0.0
52073_G_GEN1,1,20,0.0,0.0,0.0
52073_G_GEN1,1,21,0.0,0.0,0.0
52073_G_GEN1,1,22,0.0,0.0,0.0
52073_G_GEN1,1,23,0.0,0.0,0.0
52073_G_GEN1,1,24,0.0,0.0,0.0
52073_G_GEN1,1,25,0.0,0.0,0.0
52073_G_GEN2,1,1,0.0,0.0,0.0
52073_G_GEN2,1,2,0.0,0.0,0.0
52073_G_GEN2,1,3,0.0,0.0,0.0
52073_G_GEN2,1,4,0.0,0.0,0.0
52073_G_GEN2,1,5,0.0,0.0,0.0
52073_G_GEN2,1,6,0.0,0.0,0.0
52073_G_GEN2,1,7,0.0,0.0,0.0
52073_G_GEN2,1,8,0.0,0.0,0.0
52073_G_GEN2,1,9,0.0,0.0,0.0
52073_G_GEN2,1,10,0.0,0.0,0.0
52073_G_GEN2,1,11,0.0,0.0,0.0
52073_G_GEN2,1,12,0.0,0.0,0.0
52073_G_GEN2,1,13,0.0,0.0,0.0
52073_G_GEN2,1,14,0.0,0.0,0.0
52073_G_GEN2,1,15,0.0,0.0,0.0
52073_G_GEN2,1,16,0.0,0.0,0.0
52073_G_GEN2,1,17,0.0,0.0,0.0
52073_G_GEN2,1,18,0.0,0.0,0.0
52073_G_GEN2,1,19,0.0,0.0,0.0
52073_G_GEN2,1,20,0.0,0.0,0.0
52073_G_GEN2,1,21,0.0,0.0,0.0
52073_G_GEN2,1,22,0.0,0.0,0.0
52073_G_GEN2,1,23,0.0,0.0,0.0
52073_G_GEN2,1,24,0.0,0.0,0.0
52073_G_GEN2,1,25,0.0,0.0,0.0
52073_G_GEN3,1,1,0.0,0.0,0.0
52073_G_GEN3,1,2,0.0,0.0,0.0
52073_G_GEN3,1,3,0.0,0.0,0.0
52073_G_GEN3,1,4,0.0,0.0,0.0
52073_G_GEN3,1,5,0.0,0.0,0.0
52073_G_GEN3,1,6,0.0,0.0,0.0
52073_G_GEN3,1,7,0.0,0.0,0.0
52073_G_GEN3,1,8,0.0,0.0,0.0
52073_G_GEN3,1,9,0.0,0.0,0.0
52073_G_GEN3,1,10,0.0,0.0,0.0
52073_G_GEN3,1,11,0.0,0.0,0.0
52073_G_GEN3,1,12,0.0,0.0,0.0
52073_G_GEN3,1,13,0.0,0.0,0.0
52073_G_GEN3,1,14,0.0,0.0,0.0
52073_G_GEN3,1,15,0.0,0.0,0.0
52073_G_GEN3,1,16,0.0,0.0,0.0
52073_G_GEN3,1,17,0.0,0.0,0.0
52073_G_GEN3,1,18,0.0,0.0,0.0
52073_G_GEN3,1,19,0.0,0.0,0.0
52073_G_GEN3,1,20,4.4,6.6,0.0
52073_G_GEN3,1,21,4.4,0.0,0.0
52073_G_GEN3,1,22,4.4,0.0,0.0
52073_G_GEN3,1,23,4.4,0.0,0.0
52073_G_GEN3,1,24,4.4,5.920654035440329,0.0
52073_G_GEN3,1,25,0.0,0.0,0.0
52158_G_GEN1,1,1,9.0,0.0,0.0
52158_G_GEN1,1,2,9.0,0.0,0.0
52158_G_GEN1,1,3,9.0,0.0,0.0
52158_G_GEN1,1,4,9.0,0.0,0.0
52158_G_GEN1,1,5,9.0,0.0,0.0
52158_G_GEN1,1,6,9.0,0.0,0.0
52158_G_GEN1,1,7,9.0,0.0,0.0
52158_G_GEN1,1,8,5.921999999999976,0.0,0.0
52158_G_GEN1,1,9,3.5999999999999996,0.0,0.0
52158_G_GEN1,1,10,3.5999999999999996,0.0,0.0
52158_G_GEN1,1,11,3.5999999999999996,0.0,0.0
52158_G_GEN1,1,12,3.5999999999999996,0.0,0.0
52158_G_GEN1,1,13,5.922,0.0,0.0
52158_G_GEN1,1,14,9.0,0.0,0.0
52158_G_GEN1,1,15,9.0,0.0,0.0
52158_G_GEN1,1,16,9.0,0.0,0.0
52158_G_GEN1,1,17,9.0,0.0,0.0
52158_G_GEN1,1,18,9.0,0.0,0.0
52158_G_GEN1,1,19,9.0,0.0,0.0
52158_G_GEN1,1,20,9.0,0.0,0.0
52158_G_GEN1,1,21,9.0,0.0,0.0
52158_G_GEN1,1,22,9.0,0.0,0.0
52158_G_GEN1,1,23,9.0,0.0,0.0
52158_G_GEN1,1,24,9.0,0.0,0.0
52158_G_GEN1,1,25,9.0,0.0,0.0
52158_G_GEN2,1,1,9.0,0.0,0.0
52158_G_GEN2,1,2,9.0,0.0,0.0
52158_G_GEN2,1,3,9.0,0.0,0.0
52158_G_GEN2,1,4,9.0,0.0,0.0
52158_G_GEN2,1,5,9.0,0.0,0.0
52158_G_GEN2,1,6,9.0,0.0,0.0
52158_G_GEN2,1,7,9.0,0.0,0.0
52158_G_GEN2,1,8,5.921999999999995,0.0,2.321999999999995
52158_G_GEN2,1,9,3.5999999999999996,5.4,0.0
52158_G_GEN2,1,10,3.5999999999999996,5.4,0.0
52158_G_GEN2,1,11,3.5999999999999996,5.4,0.0
52158_G_GEN2,1,12,3.5999999999999996,5.4,0.0
52158_G_GEN2,1,13,5.922000000000001,3.0779999999999053,2.322000000000005
52158_G_GEN2,1,14,9.0,0.0,0.0
52158_G_GEN2,1,15,9.0,0.0,0.0
52158_G_GEN2,1,16,9.0,0.0,0.0
52158_G_GEN2,1,17,9.0,0.0,0.0
52158_G_GEN2,1,18,9.0,0.0,0.0
52158_G_GEN2,1,19,9.0,0.0,0.0
52158_G_GEN2,1,20,9.0,0.0,0.0
52158_G_GEN2,1,21,9.0,0.0,0.0
52158_G_GEN2,1,22,9.0,0.0,0.0
52158_G_GEN2,1,23,9.0,0.0,0.0
52158_G_GEN2,1,24,9.0,0.0,0.0
52158_G_GEN2,1,25,9.0,0.0,0.0
52169_G_B,1,1,0.0,0.0,0.0
52169_G_B,1,2,0.0,0.0,0.0
52169_G_B,1,3,0.0,0.0,0.0
52169_G_B,1,4,0.0,0.0,0.0
52169_G_B,1,5,0.0,0.0,0.0
52169_G_B,1,6,0.0,0.0,0.0
52169_G_B,1,7,0.0,0.0,0.0
52169_G_B,1,8,0.0,0.0,0.0
52169_G_B,1,9,0.0,0.0,0.0
52169_G_B,1,10,0.0,0.0,0.0
52169_G_B,1,11,0.0,0.0,0.0
52169_G_B,1,12,0.0,0.0,0.0
52169_G_B,1,13,0.0,0.0,0.0
52169_G_B,1,14,0.0,0.0,0.0
52169_G_B,1,15,0.0,0.0,0.0
52169_G_B,1,16,0.0,0.0,0.0
52169_G_B,1,17,0.0,0.0,0.0
52169_G_B,1,18,0.0,0.0,0.0
52169_G_B,1,19,0.0,0.0,0.0
52169_G_B,1,20,0.0,0.0,0.0
52169_G_B,1,21,0.0,0.0,0.0
52169_G_B,1,22,0.0,0.0,0.0
52169_G_B,1,23,0.0,0.0,0.0
52169_G_B,1,24,0.0,0.0,0.0
52169_G_B,1,25,0.0,0.0,0.0
535_G_1,1,1,0.0,0.0,0.0
535_G_1,1,2,0.0,0.0,0.0
535_G_1,1,3,0.0,0.0,0.0
535_G_1,1,4,0.0,0.0,0.0
535_G_1,1,5,0.0,0.0,0.0
535_G_1,1,6,0.0,0.0,0.0
535_G_1,1,7,0.0,0.0,0.0
535_G_1,1,8,0.0,0.0,0.0
535_G_1,1,9,0.0,0.0,0.0
535_G_1,1,10,0.0,0.0,0.0
535_G_1,1,11,0.0,0.0,0.0
535_G_1,1,12,0.0,0.0,0.0
535_G_1,1,13,0.0,0.0,0.0
535_G_1,1,14,0.0,0.0,0.0
535_G_1,1,15,0.0,0.0,0.0
535_G_1,1,16,0.0,0.0,0.0
535_G_1,1,17,0.0,0.0,0.0
535_G_1,1,18,0.0,0.0,0.0
535_G_1,1,19,0.0,0.0,0.0
535_G_1,1,20,0.0,0.0,0.0
535_G_1,1,21,0.0,0.0,0.0
535_G_1,1,22,0.0,0.0,0.0
535_G_1,1,23,0.0,0.0,0.0
535_G_1,1,24,0.0,0.0,0.0
535_G_1,1,25,0.0,0.0,0.0
54038_G_GEN1,1,1,13.5,0.0,0.0
54038_G_GEN1,1,2,13.5,0.0,0.0
54038_G_GEN1,1,3,13.5,0.0,0.0
54038_G_GEN1,1,4,13.5,0.0,0.0
54038_G_GEN1,1,5,13.5,0.0,0.0
54038_G_GEN1,1,6,13.5,0.0,0.0
54038_G_GEN1,1,7,13.5,0.0,0.0
54038_G_GEN1,1,8,8.883000000000001,0.0,0.0
54038_G_GEN1,1,9,5.4,0.0,0.0
54038_G_GEN1,1,10,5.4,0.0,0.0
54038_G_GEN1,1,11,5.4,0.0,0.0
54038_G_GEN1,1,12,5.4,0.0,0.0
54038_G_GEN1,1,13,8.883,0.0,0.0
54038_G_GEN1,1,14,13.5,0.0,0.0
54038_G_GEN1,1,15,13.5,0.0,0.0
54038_G_GEN1,1,16,13.5,0.0,0.0
54038_G_GEN1,1,17,13.5,0.0,0.0
54038_G_GEN1,1,18,13.5,0.0,0.0
54038_G_GEN1,1,19,13.5,0.0,0.0
54038_G_GEN1,1,20,13.5,0.0,0.0
54038_G_GEN1,1,21,13.5,0.0,0.0
54038_G_GEN1,1,22,13.5,0.0,0.0
54038_G_GEN1,1,23,13.5,0.0,0.0
54038_G_GEN1,1,24,13.5,0.0,0.0
54038_G_GEN1,1,25,13.5,0.0,0.0
54111_G_GE10,1,1,3.8,0.0,0.0
54111_G_GE10,1,2,3.8,0.0,0.0
54111_G_GE10,1,3,3.8,0.0,0.0
54111_G_GE10,1,4,3.8,0.0,0.0
54111_G_GE10,1,5,3.8,0.0,0.0
54111_G_GE10,1,6,3.8,0.0,0.0
54111_G_GE10,1,7,3.8,0.0,0.0
54111_G_GE10,1,8,2.5003999999999995,0.0,0.0
54111_G_GE10,1,9,1.52,0.0,0.0
54111_G_GE10,1,10,1.52,0.0,0.0
54111_G_GE10,1,11,1.52,0.0,0.0
54111_G_GE10,1,12,1.52,0.0,0.0
54111_G_GE10,1,13,2.5004,0.0,0.0
54111_G_GE10,1,14,3.8,0.0,0.0
54111_G_GE10,1,15,3.8,0.0,0.0
54111_G_GE10,1,16,3.8,0.0,0.0
54111_G_GE10,1,17,3.8,0.0,0.0
54111_G_GE10,1,18,3.8,0.0,0.0
54111_G_GE10,1,19,3.8,0.0,0.0
54111_G_GE10,1,20,3.8,0.0,0.0
54111_G_GE10,1,21,3.8,0.0,0.0
54111_G_GE10,1,22,3.8,0.0,0.0
54111_G_GE10,1,23,3.8,0.0,0.0
54111_G_GE10,1,24,3.8,0.0,0.0
54111_G_GE10,1,25,3.8,0.0,0.0
54111_G_GE11,1,1,3.8,0.0,0.0
54111_G_GE11,1,2,3.8,0.0,0.0
54111_G_GE11,1,3,3.8,0.0,0.0
54111_G_GE11,1,4,3.8,0.0,0.0
54111_G_GE11,1,5,3.8,0.0,0.0
54111_G_GE11,1,6,3.8,0.0,0.0
54111_G_GE11,1,7,3.8,0.0,0.0
54111_G_GE11,1,8,2.5004,1.2996000000000003,0.9803999999999999
54111_G_GE11,1,9,1.52,2.28,0.0
54111_G_GE11,1,10,1.52,2.28,0.0
54111_G_GE11,1,11,1.52,2.28,0.0
54111_G_GE11,1,12,1.52,2.28,0.0
54111_G_GE11,1,13,2.500400000000001,1.299599999999999,0.9804000000000008
54111_G_GE11,1,14,3.8,0.0,0.0
54111_G_GE11,1,15,3.8,0.0,0.0
54111_G_GE11,1,16,3.8,0.0,0.0
54111_G_GE11,1,17,3.8,0.0,0.0
54111_G_GE11,1,18,3.8,0.0,0.0
54111_G_GE11,1,19,3.8,0.0,0.0
54111_G_GE11,1,20,3.8,0.0,0.0
54111_G_GE11,1,21,3.8,0.0,0.0
54111_G_GE11,1,22,3.8,0.0,0.0
54111_G_GE11,1,23,3.8,0.0,0.0
54111_G_GE11,1,24,3.8,0.0,0.0
54111_G_GE11,1,25,3.8,0.0,0.0
54111_G_GE12,1,1,3.8,0.0,0.0
54111_G_GE12,1,2,3.8,0.0,0.0
54111_G_GE12,1,3,3.8,0.0,0.0
54111_G_GE12,1,4,3.8,0.0,0.0
54111_G_GE12,1,5,3.8,0.0,0.0
54111_G_GE12,1,6,3.8,0.0,0.0
54111_G_GE12,1,7,3.8,0.0,0.0
54111_G_GE12,1,8,2.5003999999999995,0.0,0.0
54111_G_GE12,1,9,1.52,0.0,0.0
54111_G_GE12,1,10,1.52,0.0,0.0
54111_G_GE12,1,11,1.52,0.0,0.0
54111_G_GE12,1,12,1.52,0.0,0.0
54111_G_GE12,1,13,2.5004,0.0,0.0
54111_G_GE12,1,14,3.8,0.0,0.0
54111_G_GE12,1,15,3.8,0.0,0.0
54111_G_GE12,1,16,3.8,0.0,0.0
54111_G_GE12,1,17,3.8,0.0,0.0
54111_G_GE12,1,18,3.8,0.0,0.0
54111_G_GE12,1,19,3.8,0.0,0.0
54111_G_GE12,1,20,3.8,0.0,0.0
54111_G_GE12,1,21,3.8,0.0,0.0
54111_G_GE12,1,22,3.8,0.0,0.0
54111_G_GE12,1,23,3.8,0.0,0.0
54111_G_GE12,1,24,3.8,0.0,0.0
54111_G_GE12,1,25,3.8,0.0,0.0
54111_G_GE13,1,1,2.0,0.0,0.0
54111_G_GE13,1,2,2.0,0.0,0.0
54111_G_GE13,1,3,2.0,0.0,0.0
54111_G_GE13,1,4,2.0,0.0,0.0
54111_G_GE13,1,5,2.0,0.0,0.0
54111_G_GE13,1,6,2.0,0.0,0.0
54111_G_GE13,1,7,2.0,0.0,0.0
54111_G_GE13,1,8,1.316,0.0,0.0
54111_G_GE13,1,9,0.8,0.0,0.0
54111_G_GE13,1,10,0.8,0.0,0.0
54111_G_GE13,1,11,0.8,0.0,0.0
54111_G_GE13,1,12,0.8,0.0,0.0
54111_G_GE13,1,13,1.3159999999999998,0.0,0.0
54111_G_GE13,1,14,2.0,0.0,0.0
54111_G_GE13,1,15,2.0,0.0,0.0
54111_G_GE13,1,16,2.0,0.0,0.0
54111_G_GE13,1,17,2.0,0.0,0.0
54111_G_GE13,1,18,2.0,0.0,0.0
54111_G_GE13,1,19,2.0,0.0,0.0
54111_G_GE13,1,20,2.0,0.0,0.0
54111_G_GE13,1,21,2.0,0.0,0.0
54111_G_GE13,1,22,2.0,0.0,0.0
54111_G_GE13,1,23,2.0,0.0,0.0
54111_G_GE13,1,24,2.0,0.0,0.0
54111_G_GE13,1,25,2.0,0.0,0.0
54111_G_GEN1,1,1,3.0,0.0,0.0
54111_G_GEN1,1,2,3.0,0.0,0.0
54111_G_GEN1,1,3,3.0,0.0,0.0
54111_G_GEN1,1,4,3.0,0.0,0.0
54111_G_GEN1,1,5,3.0,0.0,0.0
54111_G_GEN1,1,6,3.0,0.0,0.0
54111_G_GEN1,1,7,3.0,0.0,0.0
54111_G_GEN1,1,8,1.9740000000000002,0.0,0.0
54111_G_GEN1,1,9,1.2000000000000002,0.0,0.0
54111_G_GEN1,1,10,1.2000000000000002,0.0,0.0
54111_G_GEN1,1,11,1.2000000000000002,0.0,0.0
54111_G_GEN1,1,12,1.2000000000000002,0.0,0.0
54111_G_GEN1,1,13,1.974,0.0,0.0
54111_G_GEN1,1,14,3.0,0.0,0.0
54111_G_GEN1,1,15,3.0,0.0,0.0
54111_G_GEN1,1,16,3.0,0.0,0.0
54111_G_GEN1,1,17,3.0,0.0,0.0
54111_G_GEN1,1,18,3.0,0.0,0.0
54111_G_GEN1,1,19,3.0,0.0,0.0
54111_G_GEN1,1,20,3.0,0.0,0.0
54111_G_GEN1,1,21,3.0,0.0,0.0
54111_G_GEN1,1,22,3.0,0.0,0.0
54111_G_GEN1,1,23,3.0,0.0,0.0
54111_G_GEN1,1,24,3.0,0.0,0.0
54111_G_GEN1,1,25,3.0,0.0,0.0
54111_G_GEN14,1,1,12.0,0.0,0.0
54111_G_GEN14,1,2,12.0,0.0,0.0
54111_G_GEN14,1,3,12.0,0.0,0.0
54111_G_GEN14,1,4,12.0,0.0,0.0
54111_G_GEN14,1,5,12.0,0.0,0.0
54111_G_GEN14,1,6,12.0,0.0,0.0
54111_G_GEN14,1,7,12.0,0.0,0.0
54111_G_GEN14,1,8,7.896,0.0,0.0
54111_G_GEN14,1,9,4.800000000000002,7.199999999999998,0.0
54111_G_GEN14,1,10,4.800000000000002,0.0,0.0
54111_G_GEN14,1,11,4.800000000000002,0.0,0.0
54111_G_GEN14,1,12,4.800000000000002,0.0,0.0
54111_G_GEN14,1,13,7.895999999999997,0.0,3.0959999999999956
54111_G_GEN14,1,14,12.0,0.0,0.0
54111_G_GEN14,1,15,12.0,0.0,0.0
54111_G_GEN14,1,16,12.0,0.0,0.0
54111_G_GEN14,1,17,12.0,0.0,0.0
54111_G_GEN14,1,18,12.0,0.0,0.0
54111_G_GEN14,1,19,12.0,0.0,0.0
54111_G_GEN14,1,20,12.0,0.0,0.0
54111_G_GEN14,1,21,12.0,0.0,0.0
54111_G_GEN14,1,22,12.0,0.0,0.0
54111_G_GEN14,1,23,12.0,0.0,0.0
54111_G_GEN14,1,24,12.0,0.0,0.0
54111_G_GEN14,1,25,12.0,0.0,0.0
54111_G_GEN2,1,1,3.0,0.0,0.0
54111_G_GEN2,1,2,3.0,0.0,0.0
54111_G_GEN2,1,3,3.0,0.0,0.0
54111_G_GEN2,1,4,3.0,0.0,0.0
54111_G_GEN2,1,5,3.0,0.0,0.0
54111_G_GEN2,1,6,3.0,0.0,0.0
54111_G_GEN2,1,7,3.0,0.0,0.0
54111_G_GEN2,1,8,1.9740000000000002,0.0,0.0
54111_G_GEN2,1,9,1.2000000000000002,0.0,0.0
54111_G_GEN2,1,10,1.2000000000000002,0.0,0.0
54111_G_GEN2,1,11,1.2000000000000002,0.0,0.0
54111_G_GEN2,1,12,1.2000000000000002,0.0,0.0
54111_G_GEN2,1,13,1.974,0.0,0.0
54111_G_GEN2,1,14,3.0,0.0,0.0
54111_G_GEN2,1,15,3.0,0.0,0.0
54111_G_GEN2,1,16,3.0,0.0,0.0
54111_G_GEN2,1,17,3.0,0.0,0.0
54111_G_GEN2,1,18,3.0,0.0,0.0
54111_G_GEN2,1,19,3.0,0.0,0.0
54111_G_GEN2,1,20,3.0,0.0,0.0
54111_G_GEN2,1,21,3.0,0.0,0.0
54111_G_GEN2,1,22,3.0,0.0,0.0
54111_G_GEN2,1,23,3.0,0.0,0.0
54111_G_GEN2,1,24,3.0,0.0,0.0
54111_G_GEN2,1,25,3.0,0.0,0.0
54111_G_GEN3,1,1,3.0,0.0,0.0
54111_G_GEN3,1,2,3.0,0.0,0.0
54111_G_GEN3,1,3,3.0,0.0,0.0
54111_G_GEN3,1,4,3.0,0.0,0.0
54111_G_GEN3,1,5,3.0,0.0,0.0
54111_G_GEN3,1,6,3.0,0.0,0.0
54111_G_GEN3,1,7,3.0,0.0,0.0
54111_G_GEN3,1,8,1.9740000000000002,0.0,0.0
54111_G_GEN3,1,9,1.2000000000000002,0.0,0.0
54111_G_GEN3,1,10,1.2000000000000002,0.0,0.0
54111_G_GEN3,1,11,1.2000000000000002,0.0,0.0
54111_G_GEN3,1,12,1.2000000000000002,0.0,0.0
54111_G_GEN3,1,13,1.974,0.0,0.0
54111_G_GEN3,1,14,3.0,0.0,0.0
54111_G_GEN3,1,15,3.0,0.0,0.0
54111_G_GEN3,1,16,3.0,0.0,0.0
54111_G_GEN3,1,17,3.0,0.0,0.0
54111_G_GEN3,1,18,3.0,0.0,0.0
54111_G_GEN3,1,19,3.0,0.0,0.0
54111_G_GEN3,1,20,3.0,0.0,0.0
54111_G_GEN3,1,21,3.0,0.0,0.0
54111_G_GEN3,1,22,3.0,0.0,0.0
54111_G_GEN3,1,23,3.0,0.0,0.0
54111_G_GEN3,1,24,3.0,0.0,0.0
54111_G_GEN3,1,25,3.0,0.0,0.0
54111_G_GEN4,1,1,3.0,0.0,0.0
54111_G_GEN4,1,2,3.0,0.0,0.0
54111_G_GEN4,1,3,3.0,0.0,0.0
54111_G_GEN4,1,4,3.0,0.0,0.0
54111_G_GEN4,1,5,3.0,0.0,0.0
54111_G_GEN4,1,6,3.0,0.0,0.0
54111_G_GEN4,1,7,3.0,0.0,0.0
54111_G_GEN4,1,8,1.9740000000000002,0.0,0.0
54111_G_GEN4,1,9,1.2000000000000002,0.0,0.0
54111_G_GEN4,1,10,1.2000000000000002,0.0,0.0
54111_G_GEN4,1,11,1.2000000000000002,0.0,0.0
54111_G_GEN4,1,12,1.2000000000000002,0.0,0.0
54111_G_GEN4,1,13,1.974,0.0,0.0
54111_G_GEN4,1,14,3.0,0.0,0.0
54111_G_GEN4,1,15,3.0,0.0,0.0
54111_G_GEN4,1,16,3.0,0.0,0.0
54111_G_GEN4,1,17,3.0,0.0,0.0
54111_G_GEN4,1,18,3.0,0.0,0.0
54111_G_GEN4,1,19,3.0,0.0,0.0
54111_G_GEN4,1,20,3.0,0.0,0.0
54111_G_GEN4,1,21,3.0,0.0,0.0
54111_G_GEN4,1,22,3.0,0.0,0.0
54111_G_GEN4,1,23,3.0,0.0,0.0
54111_G_GEN4,1,24,3.0,0.0,0.0
54111_G_GEN4,1,25,3.0,0.0,0.0
54111_G_GEN5,1,1,3.0,0.0,0.0
54111_G_GEN5,1,2,3.0,0.0,0.0
54111_G_GEN5,1,3,3.0,0.0,0.0
54111_G_GEN5,1,4,3.0,0.0,0.0
54111_G_GEN5,1,5,3.0,0.0,0.0
54111_G_GEN5,1,6,3.0,0.0,0.0
54111_G_GEN5,1,7,3.0,0.0,0.0
54111_G_GEN5,1,8,1.9740000000000002,0.0,0.0
54111_G_GEN5,1,9,1.2000000000000002,0.0,0.0
54111_G_GEN5,1,10,1.2000000000000002,0.0,0.0
54111_G_GEN5,1,11,1.2000000000000002,0.0,0.0
54111_G_GEN5,1,12,1.2000000000000002,0.0,0.0
54111_G_GEN5,1,13,1.974,0.0,0.0
54111_G_GEN5,1,14,3.0,0.0,0.0
54111_G_GEN5,1,15,3.0,0.0,0.0
54111_G_GEN5,1,16,3.0,0.0,0.0
54111_G_GEN5,1,17,3.0,0.0,0.0
54111_G_GEN5,1,18,3.0,0.0,0.0
54111_G_GEN5,1,19,3.0,0.0,0.0
54111_G_GEN5,1,20,3.0,0.0,0.0
54111_G_GEN5,1,21,3.0,0.0,0.0
54111_G_GEN5,1,22,3.0,0.0,0.0
54111_G_GEN5,1,23,3.0,0.0,0.0
54111_G_GEN5,1,24,3.0,0.0,0.0
54111_G_GEN5,1,25,3.0,0.0,0.0
54111_G_GEN6,1,1,3.0,0.0,0.0
54111_G_GEN6,1,2,3.0,0.0,0.0
54111_G_GEN6,1,3,3.0,0.0,0.0
54111_G_GEN6,1,4,3.0,0.0,0.0
54111_G_GEN6,1,5,3.0,0.0,0.0
54111_G_GEN6,1,6,3.0,0.0,0.0
54111_G_GEN6,1,7,3.0,0.0,0.0
54111_G_GEN6,1,8,1.9740000000000002,0.0,0.0
54111_G_GEN6,1,9,1.2000000000000002,0.0,0.0
54111_G_GEN6,1,10,1.2000000000000002,0.0,0.0
54111_G_GEN6,1,11,1.2000000000000002,0.0,0.0
54111_G_GEN6,1,12,1.2000000000000002,0.0,0.0
54111_G_GEN6,1,13,1.974,0.0,0.0
54111_G_GEN6,1,14,3.0,0.0,0.0
54111_G_GEN6,1,15,3.0,0.0,0.0
54111_G_GEN6,1,16,3.0,0.0,0.0
54111_G_GEN6,1,17,3.0,0.0,0.0
54111_G_GEN6,1,18,3.0,0.0,0.0
54111_G_GEN6,1,19,3.0,0.0,0.0
54111_G_GEN6,1,20,3.0,0.0,0.0
54111_G_GEN6,1,21,3.0,0.0,0.0
54111_G_GEN6,1,22,3.0,0.0,0.0
54111_G_GEN6,1,23,3.0,0.0,0.0
54111_G_GEN6,1,24,3.0,0.0,0.0
54111_G_GEN6,1,25,3.0,0.0,0.0
54111_G_GEN7,1,1,3.8,0.0,0.0
54111_G_GEN7,1,2,3.8,0.0,0.0
54111_G_GEN7,1,3,3.8,0.0,0.0
54111_G_GEN7,1,4,3.8,0.0,0.0
54111_G_GEN7,1,5,3.8,0.0,0.0
54111_G_GEN7,1,6,3.8,0.0,0.0
54111_G_GEN7,1,7,3.8,0.0,0.0
54111_G_GEN7,1,8,2.5003999999999995,0.0,0.0
54111_G_GEN7,1,9,1.52,0.0,0.0
54111_G_GEN7,1,10,1.52,0.0,0.0
54111_G_GEN7,1,11,1.52,0.0,0.0
54111_G_GEN7,1,12,1.52,0.0,0.0
54111_G_GEN7,1,13,2.5004,0.0,0.0
54111_G_GEN7,1,14,3.8,0.0,0.0
54111_G_GEN7,1,15,3.8,0.0,0.0
54111_G_GEN7,1,16,3.8,0.0,0.0
54111_G_GEN7,1,17,3.8,0.0,0.0
54111_G_GEN7,1,18,3.8,0.0,0.0
54111_G_GEN7,1,19,3.8,0.0,0.0
54111_G_GEN7,1,20,3.8,0.0,0.0
54111_G_GEN7,1,21,3.8,0.0,0.0
54111_G_GEN7,1,22,3.8,0.0,0.0
54111_G_GEN7,1,23,3.8,0.0,0.0
54111_G_GEN7,1,24,3.8,0.0,0.0
54111_G_GEN7,1,25,3.8,0.0,0.0
54111_G_GEN8,1,1,3.8,0.0,0.0
54111_G_GEN8,1,2,3.8,0.0,0.0
54111_G_GEN8,1,3,3.8,0.0,0.0
54111_G_GEN8,1,4,3.8,0.0,0.0
54111_G_GEN8,1,5,3.8,0.0,0.0
54111_G_GEN8,1,6,3.8,0.0,0.0
54111_G_GEN8,1,7,3.8,0.0,2.28
54111_G_GEN8,1,8,2.5003999999999964,1.2996000000000059,0.9803999999999964
54111_G_GEN8,1,9,3.799999999846942,0.0,2.279999999846942
54111_G_GEN8,1,10,3.8,0.0,2.28
54111_G_GEN8,1,11,3.8,0.0,2.28
54111_G_GEN8,1,12,3.7999999998938727,0.0,2.2799999998938727
54111_G_GEN8,1,13,2.500399999999999,1.2996000000000019,0.9803999999999997
54111_G_GEN8,1,14,3.8,0.0,2.28
54111_G_GEN8,1,15,3.8,0.0,2.28
54111_G_GEN8,1,16,3.8,0.0,2.28
54111_G_GEN8,1,17,3.8,0.0,0.0
54111_G_GEN8,1,18,3.8,0.0,0.0
54111_G_GEN8,1,19,3.8,0.0,0.06183663140567042
54111_G_GEN8,1,20,3.8,0.0,1.8978252880841104
54111_G_GEN8,1,21,3.8,0.0,0.0
54111_G_GEN8,1,22,3.8,0.0,0.0
54111_G_GEN8,1,23,3.8,0.0,2.28
54111_G_GEN8,1,24,3.8,0.0,2.28
54111_G_GEN8,1,25,3.8,0.0,0.0
54111_G_GEN9,1,1,3.8,0.0,0.0
54111_G_GEN9,1,2,3.8,0.0,0.0
54111_G_GEN9,1,3,3.8,0.0,0.0
54111_G_GEN9,1,4,3.8,0.0,0.0
54111_G_GEN9,1,5,3.8,0.0,0.0
54111_G_GEN9,1,6,3.8,0.0,0.0
54111_G_GEN9,1,7,3.8,0.0,0.0
54111_G_GEN9,1,8,2.5003999999999995,0.0,0.0
54111_G_GEN9,1,9,1.52,0.0,0.0
54111_G_GEN9,1,10,1.52,0.0,0.0
54111_G_GEN9,1,11,1.52,0.0,0.0
54111_G_GEN9,1,12,1.52,0.0,0.0
54111_G_GEN9,1,13,2.5004,0.0,0.0
54111_G_GEN9,1,14,3.8,0.0,0.0
54111_G_GEN9,1,15,3.8,0.0,0.0
54111_G_GEN9,1,16,3.8,0.0,0.0
54111_G_GEN9,1,17,3.8,0.0,0.0
54111_G_GEN9,1,18,3.8,0.0,0.0
54111_G_GEN9,1,19,3.8,0.0,0.0
54111_G_GEN9,1,20,3.8,0.0,0.0
54111_G_GEN9,1,21,3.8,0.0,0.0
54111_G_GEN9,1,22,3.8,0.0,0.0
54111_G_GEN9,1,23,3.8,0.0,0.0
54111_G_GEN9,1,24,3.8,0.0,0.0
54111_G_GEN9,1,25,3.8,0.0,0.0
54238_B_BIOMS1,1,1,111.1,0.0,0.0
54238_B_BIOMS1,1,2,111.1,0.0,0.0
54238_B_BIOMS1,1,3,111.1,0.0,0.0
54238_B_BIOMS1,1,4,111.1,0.0,0.0
54238_B_BIOMS1,1,5,111.1,0.0,0.0
54238_B_BIOMS1,1,6,111.1,0.0,0.0
54238_B_BIOMS1,1,7,111.1,0.0,0.0
54238_B_BIOMS1,1,8,44.44,0.0,0.0
54238_B_BIOMS1,1,9,44.44,0.0,0.0
54238_B_BIOMS1,1,10,44.44,0.0,0.0
54238_B_BIOMS1,1,11,44.44,0.0,0.0
54238_B_BIOMS1,1,12,44.44,0.0,0.0
54238_B_BIOMS1,1,13,44.44,0.0,0.0
54238_B_BIOMS1,1,14,63.9168638959699,0.0,0.0
54238_B_BIOMS1,1,15,111.1,0.0,0.0
54238_B_BIOMS1,1,16,111.1,0.0,0.0
54238_B_BIOMS1,1,17,111.1,0.0,0.0
54238_B_BIOMS1,1,18,111.1,0.0,0.0
54238_B_BIOMS1,1,19,111.1,0.0,0.0
54238_B_BIOMS1,1,20,111.1,0.0,0.0
54238_B_BIOMS1,1,21,111.1,0.0,0.0
54238_B_BIOMS1,1,22,111.1,0.0,0.0
54238_B_BIOMS1,1,23,111.1,0.0,0.0
54238_B_BIOMS1,1,24,111.1,0.0,0.0
54238_B_BIOMS1,1,25,111.1,0.0,0.0
54689_G_1,1,1,38.0,0.0,22.8
54689_G_1,1,2,38.0,0.0,22.8
54689_G_1,1,3,38.0,0.0,22.8
54689_G_1,1,4,38.0,0.0,22.8
54689_G_1,1,5,38.0,0.0,22.8
54689_G_1,1,6,38.0,0.0,22.8
54689_G_1,1,7,38.0,0.0,22.8
54689_G_1,1,8,25.004000000000005,12.995999999999999,9.804000000000006
54689_G_1,1,9,38.0,0.0,22.8
54689_G_1,1,10,38.0,0.0,22.8
54689_G_1,1,11,38.0,0.0,22.8
54689_G_1,1,12,37.99999999989387,0.0,22.799999999893874
54689_G_1,1,13,25.004000000000005,12.99600000000002,9.804000000000022
54689_G_1,1,14,38.0,0.0,22.8
54689_G_1,1,15,38.0,0.0,22.8
54689_G_1,1,16,38.0,0.0,22.8
54689_G_1,1,17,38.0,0.0,22.8
54689_G_1,1,18,38.0,0.0,22.8
54689_G_1,1,19,38.0,0.0,22.8
54689_G_1,1,20,38.0,0.0,22.8
54689_G_1,1,21,38.0,0.0,22.8
54689_G_1,1,22,38.0,0.0,22.8
54689_G_1,1,23,38.0,0.0,22.8
54689_G_1,1,24,38.0,0.0,22.8
54689_G_1,1,25,38.0,0.0,22.8
54689_G_2,1,1,5.0,0.0,0.0
54689_G_2,1,2,5.0,0.0,0.0
54689_G_2,1,3,5.0,0.0,0.0
54689_G_2,1,4,5.0,0.0,0.0
54689_G_2,1,5,5.0,0.0,0.0
54689_G_2,1,6,5.0,0.0,0.0
54689_G_2,1,7,5.0,0.0,0.0
54689_G_2,1,8,3.29,0.0,0.0
54689_G_2,1,9,2.0,0.0,0.0
54689_G_2,1,10,2.0,0.0,0.0
54689_G_2,1,11,2.0,0.0,0.0
54689_G_2,1,12,2.0,0.0,0.0
54689_G_2,1,13,3.29,0.0,0.0
54689_G_2,1,14,5.0,0.0,0.0
54689_G_2,1,15,5.0,0.0,0.0
54689_G_2,1,16,5.0,0.0,0.0
54689_G_2,1,17,5.0,0.0,0.0
54689_G_2,1,18,5.0,0.0,0.0
54689_G_2,1,19,5.0,0.0,0.0
54689_G_2,1,20,5.0,0.0,0.0
54689_G_2,1,21,5.0,0.0,0.0
54689_G_2,1,22,5.0,0.0,0.0
54689_G_2,1,23,5.0,0.0,0.0
54689_G_2,1,24,5.0,0.0,0.0
54689_G_2,1,25,5.0,0.0,0.0
54689_G_3,1,1,2.5,0.0,0.0
54689_G_3,1,2,2.5,0.0,0.0
54689_G_3,1,3,2.5,0.0,0.0
54689_G_3,1,4,2.5,0.0,0.0
54689_G_3,1,5,2.5,0.0,0.0
54689_G_3,1,6,2.5,0.0,0.0
54689_G_3,1,7,2.5,0.0,0.0
54689_G_3,1,8,1.6449999999999958,0.0,0.0
54689_G_3,1,9,1.0,0.0,0.0
54689_G_3,1,10,1.0,0.0,0.0
54689_G_3,1,11,1.0,0.0,0.0
54689_G_3,1,12,1.0,0.0,0.0
54689_G_3,1,13,1.645,0.0,0.0
54689_G_3,1,14,2.5,0.0,0.0
54689_G_3,1,15,2.5,0.0,0.0
54689_G_3,1,16,2.5,0.0,0.0
54689_G_3,1,17,2.5,0.0,0.0
54689_G_3,1,18,2.5,0.0,0.0
54689_G_3,1,19,2.5,0.0,0.0
54689_G_3,1,20,2.5,0.0,0.0
54689_G_3,1,21,2.5,0.0,0.0
54689_G_3,1,22,2.5,0.0,0.0
54689_G_3,1,23,2.5,0.0,0.0
54689_G_3,1,24,2.5,0.0,0.0
54689_G_3,1,25,2.5,0.0,0.0
54724_G_OEC21,1,1,11.5,0.0,0.0
54724_G_OEC21,1,2,11.5,0.0,0.0
54724_G_OEC21,1,3,11.5,0.0,0.0
54724_G_OEC21,1,4,11.5,0.0,0.0
54724_G_OEC21,1,5,11.5,0.0,0.0
54724_G_OEC21,1,6,11.5,0.0,0.0
54724_G_OEC21,1,7,11.5,0.0,0.8165177278795444
54724_G_OEC21,1,8,7.567000000000002,3.9330000000000007,2.9670000000000014
54724_G_OEC21,1,9,8.53299999984695,2.9670000000000045,3.9329999998469507
54724_G_OEC21,1,10,4.6000000000000005,6.8999999999999995,0.0
54724_G_OEC21,1,11,4.6000000000000005,6.8999999999999995,0.0
54724_G_OEC21,1,12,4.6000000000000005,6.8999999999999995,0.0
54724_G_OEC21,1,13,7.567000000000002,3.933000000000008,2.9670000000000063
54724_G_OEC21,1,14,11.5,0.0,0.0
54724_G_OEC21,1,15,11.5,0.0,0.0
54724_G_OEC21,1,16,11.5,0.0,0.0
54724_G_OEC21,1,17,11.5,0.0,0.0
54724_G_OEC21,1,18,11.5,0.0,0.0
54724_G_OEC21,1,19,11.5,0.0,0.0
54724_G_OEC21,1,20,11.5,0.0,0.0
54724_G_OEC21,1,21,11.5,0.0,0.0
54724_G_OEC21,1,22,11.5,0.0,0.0
54724_G_OEC21,1,23,11.5,0.0,0.0
54724_G_OEC21,1,24,11.5,0.0,0.0
54724_G_OEC21,1,25,11.5,0.0,0.0
54724_G_OEC22,1,1,8.5,0.0,0.0
54724_G_OEC22,1,2,8.5,0.0,0.0
54724_G_OEC22,1,3,8.5,0.0,0.0
54724_G_OEC22,1,4,8.5,0.0,0.0
54724_G_OEC22,1,5,8.5,0.0,0.0
54724_G_OEC22,1,6,8.5,0.0,0.0
54724_G_OEC22,1,7,8.5,0.0,0.0
54724_G_OEC22,1,8,5.593000000000002,2.9070000000000005,2.1930000000000054
54724_G_OEC22,1,9,3.4000000000000004,5.1,0.0
54724_G_OEC22,1,10,3.4000000000000004,5.1,0.0
54724_G_OEC22,1,11,3.4000000000000004,5.1,0.0
54724_G_OEC22,1,12,3.4000000000000004,5.1,0.0
54724_G_OEC22,1,13,5.593000000000002,2.9070000000000005,2.1930000000000054
54724_G_OEC22,1,14,8.5,0.0,0.0
54724_G_OEC22,1,15,8.5,0.0,0.0
54724_G_OEC22,1,16,8.5,0.0,0.0
54724_G_OEC22,1,17,8.5,0.0,0.0
54724_G_OEC22,1,18,8.5,0.0,0.0
54724_G_OEC22,1,19,8.5,0.0,0.0
54724_G_OEC22,1,20,8.5,0.0,0.0
54724_G_OEC22,1,21,8.5,0.0,0.0
54724_G_OEC22,1,22,8.5,0.0,0.0
54724_G_OEC22,1,23,8.5,0.0,0.0
54724_G_OEC22,1,24,8.5,0.0,0.0
54724_G_OEC22,1,25,8.5,0.0,0.0
54749_G_CTG,1,1,0.0,0.0,0.0
54749_G_CTG,1,2,0.0,0.0,0.0
54749_G_CTG,1,3,0.0,0.0,0.0
54749_G_CTG,1,4,0.0,0.0,0.0
54749_G_CTG,1,5,0.0,0.0,0.0
54749_G_CTG,1,6,0.0,0.0,0.0
54749_G_CTG,1,7,0.0,0.0,0.0
54749_G_CTG,1,8,0.0,0.0,0.0
54749_G_CTG,1,9,0.0,0.0,0.0
54749_G_CTG,1,10,0.0,0.0,0.0
54749_G_CTG,1,11,0.0,0.0,0.0
54749_G_CTG,1,12,0.0,0.0,0.0
54749_G_CTG,1,13,0.0,0.0,0.0
54749_G_CTG,1,14,0.0,0.0,0.0
54749_G_CTG,1,15,0.0,0.0,0.0
54749_G_CTG,1,16,0.0,0.0,0.0
54749_G_CTG,1,17,0.0,0.0,0.0
54749_G_CTG,1,18,0.0,0.0,0.0
54749_G_CTG,1,19,0.0,0.0,0.0
54749_G_CTG,1,20,0.0,0.0,0.0
54749_G_CTG,1,21,0.0,0.0,0.0
54749_G_CTG,1,22,0.0,0.0,0.0
54749_G_CTG,1,23,0.0,0.0,0.0
54749_G_CTG,1,24,0.0,0.0,0.0
54749_G_CTG,1,25,0.0,0.0,0.0
54749_G_STG,1,1,0.0,0.0,0.0
54749_G_STG,1,2,0.0,0.0,0.0
54749_G_STG,1,3,0.0,0.0,0.0
54749_G_STG,1,4,0.0,0.0,0.0
54749_G_STG,1,5,0.0,0.0,0.0
54749_G_STG,1,6,0.0,0.0,0.0
54749_G_STG,1,7,0.0,0.0,0.0
54749_G_STG,1,8,0.0,0.0,0.0
54749_G_STG,1,9,0.0,0.0,0.0
54749_G_STG,1,10,0.0,0.0,0.0
54749_G_STG,1,11,0.0,0.0,0.0
54749_G_STG,1,12,0.0,0.0,0.0
54749_G_STG,1,13,0.0,0.0,0.0
54749_G_STG,1,14,0.0,0.0,0.0
54749_G_STG,1,15,0.0,0.0,0.0
54749_G_STG,1,16,0.0,0.0,0.0
54749_G_STG,1,17,0.0,0.0,0.0
54749_G_STG,1,18,0.0,0.0,0.0
54749_G_STG,1,19,0.0,0.0,0.0
54749_G_STG,1,20,3.76,5.640000000000001,0.0
54749_G_STG,1,21,3.76,0.0,0.0
54749_G_STG,1,22,3.76,0.0,0.0
54749_G_STG,1,23,0.0,0.0,0.0
54749_G_STG,1,24,0.0,0.0,0.0
54749_G_STG,1,25,0.0,0.0,0.0
54996_G_4100,1,1,44.0,0.0,0.0
54996_G_4100,1,2,44.0,0.0,0.0
54996_G_4100,1,3,44.0,0.0,0.0
54996_G_4100,1,4,44.0,0.0,0.0
54996_G_4100,1,5,44.0,0.0,0.0
54996_G_4100,1,6,44.0,0.0,0.0
54996_G_4100,1,7,44.0,0.0,26.4
54996_G_4100,1,8,28.952000000000005,15.048000000000034,11.352000000000023
54996_G_4100,1,9,37.07755897120245,6.922441028644542,19.47755897120245
54996_G_4100,1,10,22.02955897135546,21.97044102864454,4.429558971355463
54996_G_4100,1,11,19.9538948487998,24.0461051512002,2.353894848799797
54996_G_4100,1,12,24.050113464203132,19.94988653569078,6.450113464203132
54996_G_4100,1,13,28.952000000000005,15.047999999999995,11.352000000000016
54996_G_4100,1,14,44.0,0.0,10.313388236298337
54996_G_4100,1,15,44.0,0.0,9.795216071009964
54996_G_4100,1,16,44.0,0.0,11.269631997003648
54996_G_4100,1,17,44.0,0.0,0.0
54996_G_4100,1,18,44.0,0.0,0.0
54996_G_4100,1,19,44.0,0.0,0.0
54996_G_4100,1,20,44.0,0.0,0.0
54996_G_4100,1,21,44.0,0.0,0.0
54996_G_4100,1,22,44.0,0.0,0.0
54996_G_4100,1,23,44.0,0.0,5.658798318847891
54996_G_4100,1,24,44.0,0.0,11.208306156618086
54996_G_4100,1,25,44.0,0.0,0.0
55084_G_GE1,1,1,98.96000000000001,110.3147651384018,0.0
55084_G_GE1,1,2,177.6331999999978,69.7668000000022,0.0
55084_G_GE1,1,3,247.4,0.0,0.0
55084_G_GE1,1,4,247.4,0.0,0.0
55084_G_GE1,1,5,247.4,0.0,0.0
55084_G_GE1,1,6,247.4,0.0,0.0
55084_G_GE1,1,7,177.63320000000004,69.76680000000012,0.0
55084_G_GE1,1,8,98.96000000000001,0.0,0.0
55084_G_GE1,1,9,98.96,0.0,0.0
55084_G_GE1,1,10,98.96,0.0,0.0
55084_G_GE1,1,11,98.96,0.0,0.0
55084_G_GE1,1,12,98.96,0.0,0.0
55084_G_GE1,1,13,98.96,0.0,0.0
55084_G_GE1,1,14,98.96000000000001,147.44518991682716,0.0
55084_G_GE1,1,15,98.96000000000001,146.90204234657998,0.0
55084_G_GE1,1,16,177.63320000000004,69.76680000000012,0.0
55084_G_GE1,1,17,247.4,0.0,0.0
55084_G_GE1,1,18,247.4,0.0,0.0
55084_G_GE1,1,19,247.4,0.0,0.0
55084_G_GE1,1,20,247.4,0.0,0.0
55084_G_GE1,1,21,247.4,0.0,0.0
55084_G_GE1,1,22,247.4,0.0,0.0
55084_G_GE1,1,23,247.4,0.0,0.0
55084_G_GE1,1,24,247.4,0.0,0.0
55084_G_GE1,1,25,247.4,0.0,0.0
55112_G_CT01,1,1,0.0,0.0,0.0
55112_G_CT01,1,2,0.0,0.0,0.0
55112_G_CT01,1,3,0.0,0.0,0.0
55112_G_CT01,1,4,0.0,0.0,0.0
55112_G_CT01,1,5,0.0,0.0,0.0
55112_G_CT01,1,6,0.0,0.0,0.0
55112_G_CT01,1,7,0.0,0.0,0.0
55112_G_CT01,1,8,0.0,0.0,0.0
55112_G_CT01,1,9,0.0,0.0,0.0
55112_G_CT01,1,10,0.0,0.0,0.0
55112_G_CT01,1,11,0.0,0.0,0.0
55112_G_CT01,1,12,0.0,0.0,0.0
55112_G_CT01,1,13,0.0,0.0,0.0
55112_G_CT01,1,14,0.0,0.0,0.0
55112_G_CT01,1,15,0.0,0.0,0.0
55112_G_CT01,1,16,0.0,0.0,0.0
55112_G_CT01,1,17,0.0,0.0,0.0
55112_G_CT01,1,18,0.0,0.0,0.0
55112_G_CT01,1,19,0.0,0.0,0.0
55112_G_CT01,1,20,0.0,0.0,0.0
55112_G_CT01,1,21,0.0,0.0,0.0
55112_G_CT01,1,22,0.0,0.0,0.0
55112_G_CT01,1,23,0.0,0.0,0.0
55112_G_CT01,1,24,0.0,0.0,0.0
55112_G_CT01,1,25,0.0,0.0,0.0
55112_G_CT02,1,1,0.0,0.0,0.0
55112_G_CT02,1,2,0.0,0.0,0.0
55112_G_CT02,1,3,0.0,0.0,0.0
55112_G_CT02,1,4,0.0,0.0,0.0
55112_G_CT02,1,5,0.0,0.0,0.0
55112_G_CT02,1,6,0.0,0.0,0.0
55112_G_CT02,1,7,0.0,0.0,0.0
55112_G_CT02,1,8,0.0,0.0,0.0
55112_G_CT02,1,9,0.0,0.0,0.0
55112_G_CT02,1,10,0.0,0.0,0.0
55112_G_CT02,1,11,0.0,0.0,0.0
55112_G_CT02,1,12,0.0,0.0,0.0
55112_G_CT02,1,13,0.0,0.0,0.0
55112_G_CT02,1,14,0.0,0.0,0.0
55112_G_CT02,1,15,0.0,0.0,0.0
55112_G_CT02,1,16,0.0,0.0,0.0
55112_G_CT02,1,17,0.0,0.0,0.0
55112_G_CT02,1,18,0.0,0.0,0.0
55112_G_CT02,1,19,0.0,0.0,0.0
55112_G_CT02,1,20,0.0,0.0,0.0
55112_G_CT02,1,21,0.0,0.0,0.0
55112_G_CT02,1,22,0.0,0.0,0.0
55112_G_CT02,1,23,0.0,0.0,0.0
55112_G_CT02,1,24,0.0,0.0,0.0
55112_G_CT02,1,25,0.0,0.0,0.0
55112_G_ST01,1,1,0.0,0.0,0.0
55112_G_ST01,1,2,0.0,0.0,0.0
55112_G_ST01,1,3,0.0,0.0,0.0
55112_G_ST01,1,4,0.0,0.0,0.0
55112_G_ST01,1,5,0.0,0.0,0.0
55112_G_ST01,1,6,0.0,0.0,0.0
55112_G_ST01,1,7,0.0,0.0,0.0
55112_G_ST01,1,8,0.0,0.0,0.0
55112_G_ST01,1,9,0.0,0.0,0.0
55112_G_ST01,1,10,0.0,0.0,0.0
55112_G_ST01,1,11,0.0,0.0,0.0
55112_G_ST01,1,12,0.0,0.0,0.0
55112_G_ST01,1,13,0.0,0.0,0.0
55112_G_ST01,1,14,0.0,0.0,0.0
55112_G_ST01,1,15,0.0,0.0,0.0
55112_G_ST01,1,16,0.0,0.0,0.0
55112_G_ST01,1,17,0.0,0.0,0.0
55112_G_ST01,1,18,0.0,0.0,0.0
55112_G_ST01,1,19,0.0,0.0,0.0
55112_G_ST01,1,20,0.0,0.0,0.0
55112_G_ST01,1,21,0.0,0.0,0.0
55112_G_ST01,1,22,0.0,0.0,0.0
55112_G_ST01,1,23,0.0,0.0,0.0
55112_G_ST01,1,24,0.0,0.0,0.0
55112_G_ST01,1,25,0.0,0.0,0.0
55151_G_GEN1,1,1,97.48000000000002,0.0,0.0
55151_G_GEN1,1,2,97.48000000000002,0.0,0.0
55151_G_GEN1,1,3,97.48000000000002,0.0,0.0
55151_G_GEN1,1,4,97.48000000000002,0.0,0.0
55151_G_GEN1,1,5,97.48000000000002,0.0,0.0
55151_G_GEN1,1,6,97.48,0.0,0.0
55151_G_GEN1,1,7,97.48,0.0,0.0
55151_G_GEN1,1,8,97.48,0.0,0.0
55151_G_GEN1,1,9,97.48,0.0,0.0
55151_G_GEN1,1,10,97.48,0.0,0.0
55151_G_GEN1,1,11,97.48,0.0,0.0
55151_G_GEN1,1,12,97.48,0.0,0.0
55151_G_GEN1,1,13,97.48,0.0,0.0
55151_G_GEN1,1,14,97.48000000000002,0.0,0.0
55151_G_GEN1,1,15,97.48000000000002,0.0,0.0
55151_G_GEN1,1,16,97.48000000000002,0.0,0.0
55151_G_GEN1,1,17,97.48000000000002,0.0,0.0
55151_G_GEN1,1,18,166.2034,0.0,0.0
55151_G_GEN1,1,19,243.69999999999953,0.0,0.0
55151_G_GEN1,1,20,243.7,0.0,0.0
55151_G_GEN1,1,21,243.7,0.0,0.0
55151_G_GEN1,1,22,243.7,0.0,0.0
55151_G_GEN1,1,23,243.7,0.0,0.0
55151_G_GEN1,1,24,243.69999999999635,0.0,0.0
55151_G_GEN1,1,25,0.0,0.0,0.0
55151_G_GEN2,1,1,96.64000000000001,0.0,0.0
55151_G_GEN2,1,2,96.64000000000001,0.0,0.0
55151_G_GEN2,1,3,96.64000000000001,0.0,0.0
55151_G_GEN2,1,4,96.64000000000001,0.0,0.0
55151_G_GEN2,1,5,96.64000000000001,0.0,0.0
55151_G_GEN2,1,6,96.64,0.0,0.0
55151_G_GEN2,1,7,96.64,0.0,0.0
55151_G_GEN2,1,8,96.63999999999999,0.0,0.0
55151_G_GEN2,1,9,96.63999999999999,0.0,0.0
55151_G_GEN2,1,10,96.63999999999999,0.0,0.0
55151_G_GEN2,1,11,96.63999999999999,0.0,0.0
55151_G_GEN2,1,12,96.64,0.0,0.0
55151_G_GEN2,1,13,96.63999999999999,0.0,0.0
55151_G_GEN2,1,14,96.64000000000001,0.0,0.0
55151_G_GEN2,1,15,96.64000000000001,0.0,0.0
55151_G_GEN2,1,16,96.64000000000001,0.0,0.0
55151_G_GEN2,1,17,96.64000000000001,0.0,0.0
55151_G_GEN2,1,18,164.77120000000002,0.0,0.0
55151_G_GEN2,1,19,241.6,0.0,0.0
55151_G_GEN2,1,20,241.6,0.0,0.0
55151_G_GEN2,1,21,241.6,0.0,0.0
55151_G_GEN2,1,22,241.6,0.0,0.0
55151_G_GEN2,1,23,241.6,0.0,0.0
55151_G_GEN2,1,24,241.6,0.0,0.0
55151_G_GEN2,1,25,0.0,0.0,0.0
55151_G_GEN3,1,1,94.96000000000001,0.0,0.0
55151_G_GEN3,1,2,94.96000000000001,0.0,0.0
55151_G_GEN3,1,3,94.96000000000001,0.0,0.0
55151_G_GEN3,1,4,94.96000000000001,0.0,0.0
55151_G_GEN3,1,5,94.96000000000001,0.0,0.0
55151_G_GEN3,1,6,94.96,0.0,0.0
55151_G_GEN3,1,7,94.96,0.0,0.0
55151_G_GEN3,1,8,94.95999999999998,0.0,0.0
55151_G_GEN3,1,9,94.95999999999998,0.0,0.0
55151_G_GEN3,1,10,94.95999999999998,0.0,0.0
55151_G_GEN3,1,11,94.95999999999998,0.0,0.0
55151_G_GEN3,1,12,94.95999999999998,0.0,0.0
55151_G_GEN3,1,13,94.95999999999998,0.0,0.0
55151_G_GEN3,1,14,94.96000000000001,0.0,0.0
55151_G_GEN3,1,15,94.96000000000001,0.0,0.0
55151_G_GEN3,1,16,94.96000000000001,0.0,0.0
55151_G_GEN3,1,17,94.96000000000001,0.0,0.0
55151_G_GEN3,1,18,94.96000000000001,0.0,0.0
55151_G_GEN3,1,19,170.45319999999998,36.308002826919115,0.0
55151_G_GEN3,1,20,237.4,0.0,0.0
55151_G_GEN3,1,21,237.4,0.0,0.0
55151_G_GEN3,1,22,161.90680000000003,49.190790489745154,0.0
55151_G_GEN3,1,23,237.4,0.0,0.0
55151_G_GEN3,1,24,237.4,0.0,0.0
55151_G_GEN3,1,25,0.0,0.0,0.0
55151_G_GEN4,1,1,97.08,0.0,0.0
55151_G_GEN4,1,2,97.08,0.0,0.0
55151_G_GEN4,1,3,97.07999999999998,0.0,0.0
55151_G_GEN4,1,4,97.07999999999998,0.0,0.0
55151_G_GEN4,1,5,97.07999999999998,0.0,0.0
55151_G_GEN4,1,6,97.07999999999998,0.0,0.0
55151_G_GEN4,1,7,97.08,0.0,0.0
55151_G_GEN4,1,8,97.08,0.0,0.0
55151_G_GEN4,1,9,97.08,0.0,0.0
55151_G_GEN4,1,10,97.08,0.0,0.0
55151_G_GEN4,1,11,97.08,0.0,0.0
55151_G_GEN4,1,12,97.08,0.0,0.0
55151_G_GEN4,1,13,97.08,0.0,0.0
55151_G_GEN4,1,14,97.07999999999998,0.0,0.0
55151_G_GEN4,1,15,97.07999999999998,0.0,0.0
55151_G_GEN4,1,16,97.07999999999998,0.0,0.0
55151_G_GEN4,1,17,97.08000000000172,0.0,0.0
55151_G_GEN4,1,18,165.52139999999997,0.0,0.0
55151_G_GEN4,1,19,242.7,0.0,0.0
55151_G_GEN4,1,20,242.7,0.0,0.0
55151_G_GEN4,1,21,242.7,0.0,0.0
55151_G_GEN4,1,22,242.7,0.0,0.0
55151_G_GEN4,1,23,242.7,0.0,0.0
55151_G_GEN4,1,24,242.7,0.0,0.0
55151_G_GEN4,1,25,0.0,0.0,0.0
55182_G_STG,1,1,98.0,0.0,0.0
55182_G_STG,1,2,98.0,0.0,0.0
55182_G_STG,1,3,98.0,0.0,0.0
55182_G_STG,1,4,98.0,0.0,0.0
55182_G_STG,1,5,98.0,0.0,0.0
55182_G_STG,1,6,98.0,0.0,0.0
55182_G_STG,1,7,98.0,0.0,0.0
55182_G_STG,1,8,98.0,0.0,0.0
55182_G_STG,1,9,98.0,0.0,0.0
55182_G_STG,1,10,98.0,0.0,0.0
55182_G_STG,1,11,98.0,0.0,0.0
55182_G_STG,1,12,98.0,0.0,0.0
55182_G_STG,1,13,98.0,0.0,0.0
55182_G_STG,1,14,98.0,0.0,0.0
55182_G_STG,1,15,98.0,0.0,0.0
55182_G_STG,1,16,98.0,0.0,0.0
55182_G_STG,1,17,98.0,0.0,0.0
55182_G_STG,1,18,98.0,0.0,0.0
55182_G_STG,1,19,175.91,69.09000000000013,0.0
55182_G_STG,1,20,245.0,0.0,0.0
55182_G_STG,1,21,245.0,0.0,0.0
55182_G_STG,1,22,167.09,77.91000000000007,0.0
55182_G_STG,1,23,245.0,0.0,0.0
55182_G_STG,1,24,245.0,0.0,0.0
55182_G_STG,1,25,0.0,0.0,0.0
55182_G_X718,1,1,60.0,0.0,0.0
55182_G_X718,1,2,60.0,0.0,0.0
55182_G_X718,1,3,60.0,0.0,0.0
55182_G_X718,1,4,60.0,0.0,0.0
55182_G_X718,1,5,60.0,0.0,0.0
55182_G_X718,1,6,60.0,0.0,0.0
55182_G_X718,1,7,60.0,0.0,0.0
55182_G_X718,1,8,60.0,0.0,0.0
55182_G_X718,1,9,60.0,0.0,0.0
55182_G_X718,1,10,60.0,0.0,0.0
55182_G_X718,1,11,60.0,0.0,0.0
55182_G_X718,1,12,60.0,0.0,0.0
55182_G_X718,1,13,60.0,0.0,0.0
55182_G_X718,1,14,60.0,0.0,0.0
55182_G_X718,1,15,60.0,0.0,0.0
55182_G_X718,1,16,60.0,0.0,0.0
55182_G_X718,1,17,60.0,0.0,0.0
55182_G_X718,1,18,60.0,0.0,0.0
55182_G_X718,1,19,107.70000000000019,42.299999999999905,0.0
55182_G_X718,1,20,150.0,0.0,0.0
55182_G_X718,1,21,150.0,0.0,0.0
55182_G_X718,1,22,134.51069413311805,15.48930586688201,0.0
55182_G_X718,1,23,150.0,0.0,0.0
55182_G_X718,1,24,150.0,0.0,0.0
55182_G_X718,1,25,0.0,0.0,0.0
55182_G_X719,1,1,60.0,0.0,0.0
55182_G_X719,1,2,60.0,0.0,0.0
55182_G_X719,1,3,60.0,0.0,0.0
55182_G_X719,1,4,60.0,0.0,0.0
55182_G_X719,1,5,60.0,0.0,0.0
55182_G_X719,1,6,60.0,0.0,0.0
55182_G_X719,1,7,60.0,0.0,0.0
55182_G_X719,1,8,60.0,0.0,0.0
55182_G_X719,1,9,60.0,0.0,0.0
55182_G_X719,1,10,60.0,0.0,0.0
55182_G_X719,1,11,60.0,0.0,0.0
55182_G_X719,1,12,60.0,0.0,0.0
55182_G_X719,1,13,60.0,0.0,0.0
55182_G_X719,1,14,60.0,0.0,0.0
55182_G_X719,1,15,60.0,0.0,0.0
55182_G_X719,1,16,60.0,0.0,0.0
55182_G_X719,1,17,60.0,0.0,0.0
55182_G_X719,1,18,60.0,0.0,0.0
55182_G_X719,1,19,107.69999999999999,0.0,0.0
55182_G_X719,1,20,150.0,0.0,0.0
55182_G_X719,1,21,150.0,0.0,0.0
55182_G_X719,1,22,102.3,0.0,0.0
55182_G_X719,1,23,150.0,0.0,0.0
55182_G_X719,1,24,150.0,0.0,0.0
55182_G_X719,1,25,0.0,0.0,0.0
55217_G_CTG1,1,1,66.0,0.0,0.0
55217_G_CTG1,1,2,66.0,0.0,0.0
55217_G_CTG1,1,3,112.53000000000003,52.47,0.0
55217_G_CTG1,1,4,165.0,0.0,0.0
55217_G_CTG1,1,5,164.99999999999818,0.0,0.0
55217_G_CTG1,1,6,164.99999999999642,0.0,0.0
55217_G_CTG1,1,7,118.46999999999642,0.0,0.0
55217_G_CTG1,1,8,66.0,0.0,0.0
55217_G_CTG1,1,9,66.0,0.0,0.0
55217_G_CTG1,1,10,66.0,0.0,0.0
55217_G_CTG1,1,11,66.0,0.0,0.0
55217_G_CTG1,1,12,66.0,0.0,0.0
55217_G_CTG1,1,13,66.0,0.0,0.0
55217_G_CTG1,1,14,66.0,0.0,0.0
55217_G_CTG1,1,15,66.0,0.0,0.0
55217_G_CTG1,1,16,118.46999999999909,17.908027426003173,0.0
55217_G_CTG1,1,17,164.99999999999818,0.0,0.0
55217_G_CTG1,1,18,165.0,0.0,0.0
55217_G_CTG1,1,19,165.0,0.0,0.0
55217_G_CTG1,1,20,165.0,0.0,0.0
55217_G_CTG1,1,21,165.0,0.0,0.0
55217_G_CTG1,1,22,165.0,0.0,0.0
55217_G_CTG1,1,23,165.0,0.0,0.0
55217_G_CTG1,1,24,165.0,0.0,0.0
55217_G_CTG1,1,25,165.0,0.0,0.0
55217_G_CTG2,1,1,66.0,0.0,0.0
55217_G_CTG2,1,2,66.0,0.0,0.0
55217_G_CTG2,1,3,112.53,3.077463097616956,0.0
55217_G_CTG2,1,4,165.0,0.0,0.0
55217_G_CTG2,1,5,165.0,0.0,0.0
55217_G_CTG2,1,6,165.0,0.0,0.0
55217_G_CTG2,1,7,118.47000000000001,0.0,0.0
55217_G_CTG2,1,8,66.0,0.0,0.0
55217_G_CTG2,1,9,66.0,0.0,0.0
55217_G_CTG2,1,10,66.0,0.0,0.0
55217_G_CTG2,1,11,66.0,0.0,0.0
55217_G_CTG2,1,12,66.0,0.0,0.0
55217_G_CTG2,1,13,66.0,0.0,0.0
55217_G_CTG2,1,14,66.0,0.0,0.0
55217_G_CTG2,1,15,66.0,0.0,0.0
55217_G_CTG2,1,16,118.47,0.0,0.0
55217_G_CTG2,1,17,165.0,0.0,0.0
55217_G_CTG2,1,18,165.0,0.0,0.0
55217_G_CTG2,1,19,165.0,0.0,0.0
55217_G_CTG2,1,20,165.0,0.0,0.0
55217_G_CTG2,1,21,165.0,0.0,0.0
55217_G_CTG2,1,22,165.0,0.0,0.0
55217_G_CTG2,1,23,165.0,0.0,0.0
55217_G_CTG2,1,24,165.0,0.0,0.0
55217_G_CTG2,1,25,164.99999999999727,0.0,0.0
55217_G_STG3,1,1,94.80000000000001,0.0,0.0
55217_G_STG3,1,2,122.91894559081413,44.13268228699208,0.0
55217_G_STG3,1,3,175.56869991652488,61.43130008347512,0.0
55217_G_STG3,1,4,237.0,0.0,0.0
55217_G_STG3,1,5,237.0,0.0,0.0
55217_G_STG3,1,6,237.0,0.0,0.0
55217_G_STG3,1,7,170.16599999999818,64.40878662389663,0.0
55217_G_STG3,1,8,94.8,0.0,0.0
55217_G_STG3,1,9,94.8,0.0,0.0
55217_G_STG3,1,10,94.8,0.0,0.0
55217_G_STG3,1,11,94.8,0.0,0.0
55217_G_STG3,1,12,94.8,0.0,0.0
55217_G_STG3,1,13,94.8,0.0,0.0
55217_G_STG3,1,14,94.80000000000001,0.0,0.0
55217_G_STG3,1,15,94.80000000000001,0.0,0.0
55217_G_STG3,1,16,170.166,66.834,0.0
55217_G_STG3,1,17,237.0,0.0,0.0
55217_G_STG3,1,18,237.0,0.0,0.0
55217_G_STG3,1,19,237.0,0.0,0.0
55217_G_STG3,1,20,237.0,0.0,0.0
55217_G_STG3,1,21,237.0,0.0,0.0
55217_G_STG3,1,22,237.0,0.0,0.0
55217_G_STG3,1,23,237.0,0.0,0.0
55217_G_STG3,1,24,237.0,0.0,0.0
55217_G_STG3,1,25,237.0,0.0,0.0
55295_G_CT1,1,1,0.0,0.0,0.0
55295_G_CT1,1,2,0.0,0.0,0.0
55295_G_CT1,1,3,0.0,0.0,0.0
55295_G_CT1,1,4,0.0,0.0,0.0
55295_G_CT1,1,5,0.0,0.0,0.0
55295_G_CT1,1,6,0.0,0.0,0.0
55295_G_CT1,1,7,0.0,0.0,0.0
55295_G_CT1,1,8,0.0,0.0,0.0
55295_G_CT1,1,9,0.0,0.0,0.0
55295_G_CT1,1,10,0.0,0.0,0.0
55295_G_CT1,1,11,0.0,0.0,0.0
55295_G_CT1,1,12,0.0,0.0,0.0
55295_G_CT1,1,13,0.0,0.0,0.0
55295_G_CT1,1,14,0.0,0.0,0.0
55295_G_CT1,1,15,0.0,0.0,0.0
55295_G_CT1,1,16,0.0,0.0,0.0
55295_G_CT1,1,17,0.0,0.0,0.0
55295_G_CT1,1,18,0.0,0.0,0.0
55295_G_CT1,1,19,112.36699999999917,0.0,0.0
55295_G_CT1,1,20,123.5637926102134,32.936207389786695,0.0
55295_G_CT1,1,21,73.79679261021363,0.0,0.0
55295_G_CT1,1,22,62.599999999999994,0.0,0.0
55295_G_CT1,1,23,62.599999999999994,0.0,0.0
55295_G_CT1,1,24,112.36700000000003,44.132999999999996,0.0
55295_G_CT1,1,25,0.0,0.0,0.0
55295_G_CT2,1,1,0.0,0.0,0.0
55295_G_CT2,1,2,0.0,0.0,0.0
55295_G_CT2,1,3,0.0,0.0,0.0
55295_G_CT2,1,4,0.0,0.0,0.0
55295_G_CT2,1,5,0.0,0.0,0.0
55295_G_CT2,1,6,0.0,0.0,0.0
55295_G_CT2,1,7,0.0,0.0,0.0
55295_G_CT2,1,8,0.0,0.0,0.0
55295_G_CT2,1,9,0.0,0.0,0.0
55295_G_CT2,1,10,0.0,0.0,0.0
55295_G_CT2,1,11,0.0,0.0,0.0
55295_G_CT2,1,12,0.0,0.0,0.0
55295_G_CT2,1,13,0.0,0.0,0.0
55295_G_CT2,1,14,0.0,0.0,0.0
55295_G_CT2,1,15,0.0,0.0,0.0
55295_G_CT2,1,16,0.0,0.0,0.0
55295_G_CT2,1,17,0.0,0.0,0.0
55295_G_CT2,1,18,0.0,0.0,0.0
55295_G_CT2,1,19,107.11127838730886,0.0,0.0
55295_G_CT2,1,20,112.3669999999985,44.13300000000001,0.0
55295_G_CT2,1,21,62.599999999999994,0.0,0.0
55295_G_CT2,1,22,62.599999999999994,0.0,0.0
55295_G_CT2,1,23,62.599999999999994,0.0,0.0
55295_G_CT2,1,24,112.36699999999999,44.1330000000001,0.0
55295_G_CT2,1,25,0.0,0.0,0.0
55295_G_ST1,1,1,0.0,0.0,0.0
55295_G_ST1,1,2,0.0,0.0,0.0
55295_G_ST1,1,3,0.0,0.0,0.0
55295_G_ST1,1,4,0.0,0.0,0.0
55295_G_ST1,1,5,0.0,0.0,0.0
55295_G_ST1,1,6,0.0,0.0,0.0
55295_G_ST1,1,7,0.0,0.0,0.0
55295_G_ST1,1,8,0.0,0.0,0.0
55295_G_ST1,1,9,0.0,0.0,0.0
55295_G_ST1,1,10,0.0,0.0,0.0
55295_G_ST1,1,11,0.0,0.0,0.0
55295_G_ST1,1,12,0.0,0.0,0.0
55295_G_ST1,1,13,0.0,0.0,0.0
55295_G_ST1,1,14,0.0,0.0,0.0
55295_G_ST1,1,15,0.0,0.0,0.0
55295_G_ST1,1,16,0.0,0.0,0.0
55295_G_ST1,1,17,0.0,0.0,0.0
55295_G_ST1,1,18,0.0,0.0,0.0
55295_G_ST1,1,19,0.0,0.0,0.0
55295_G_ST1,1,20,144.318,56.68199999999999,0.0
55295_G_ST1,1,21,80.4,0.0,0.0
55295_G_ST1,1,22,80.4,0.0,0.0
55295_G_ST1,1,23,80.4,0.0,0.0
55295_G_ST1,1,24,144.31800000000015,56.68199999999999,0.0
55295_G_ST1,1,25,0.0,0.0,0.0
55333_G_CTG1,1,1,0.0,0.0,0.0
55333_G_CTG1,1,2,0.0,0.0,0.0
55333_G_CTG1,1,3,0.0,0.0,0.0
55333_G_CTG1,1,4,0.0,0.0,0.0
55333_G_CTG1,1,5,0.0,0.0,0.0
55333_G_CTG1,1,6,0.0,0.0,0.0
55333_G_CTG1,1,7,0.0,0.0,0.0
55333_G_CTG1,1,8,0.0,0.0,0.0
55333_G_CTG1,1,9,0.0,0.0,0.0
55333_G_CTG1,1,10,0.0,0.0,0.0
55333_G_CTG1,1,11,0.0,0.0,0.0
55333_G_CTG1,1,12,0.0,0.0,0.0
55333_G_CTG1,1,13,0.0,0.0,0.0
55333_G_CTG1,1,14,0.0,0.0,0.0
55333_G_CTG1,1,15,0.0,0.0,0.0
55333_G_CTG1,1,16,0.0,0.0,0.0
55333_G_CTG1,1,17,0.0,0.0,0.0
55333_G_CTG1,1,18,0.0,0.0,0.0
55333_G_CTG1,1,19,0.0,0.0,0.0
55333_G_CTG1,1,20,0.0,0.0,0.0
55333_G_CTG1,1,21,0.0,0.0,0.0
55333_G_CTG1,1,22,0.0,0.0,0.0
55333_G_CTG1,1,23,0.0,0.0,0.0
55333_G_CTG1,1,24,0.0,0.0,0.0
55333_G_CTG1,1,25,0.0,0.0,0.0
55333_G_CTG2,1,1,0.0,0.0,0.0
55333_G_CTG2,1,2,0.0,0.0,0.0
55333_G_CTG2,1,3,0.0,0.0,0.0
55333_G_CTG2,1,4,0.0,0.0,0.0
55333_G_CTG2,1,5,0.0,0.0,0.0
55333_G_CTG2,1,6,0.0,0.0,0.0
55333_G_CTG2,1,7,0.0,0.0,0.0
55333_G_CTG2,1,8,0.0,0.0,0.0
55333_G_CTG2,1,9,0.0,0.0,0.0
55333_G_CTG2,1,10,0.0,0.0,0.0
55333_G_CTG2,1,11,0.0,0.0,0.0
55333_G_CTG2,1,12,0.0,0.0,0.0
55333_G_CTG2,1,13,0.0,0.0,0.0
55333_G_CTG2,1,14,0.0,0.0,0.0
55333_G_CTG2,1,15,0.0,0.0,0.0
55333_G_CTG2,1,16,0.0,0.0,0.0
55333_G_CTG2,1,17,0.0,0.0,0.0
55333_G_CTG2,1,18,0.0,0.0,0.0
55333_G_CTG2,1,19,0.0,0.0,0.0
55333_G_CTG2,1,20,0.0,0.0,0.0
55333_G_CTG2,1,21,0.0,0.0,0.0
55333_G_CTG2,1,22,0.0,0.0,0.0
55333_G_CTG2,1,23,0.0,0.0,0.0
55333_G_CTG2,1,24,0.0,0.0,0.0
55333_G_CTG2,1,25,0.0,0.0,0.0
55333_G_CTG3,1,1,0.0,0.0,0.0
55333_G_CTG3,1,2,0.0,0.0,0.0
55333_G_CTG3,1,3,0.0,0.0,0.0
55333_G_CTG3,1,4,0.0,0.0,0.0
55333_G_CTG3,1,5,0.0,0.0,0.0
55333_G_CTG3,1,6,0.0,0.0,0.0
55333_G_CTG3,1,7,0.0,0.0,0.0
55333_G_CTG3,1,8,0.0,0.0,0.0
55333_G_CTG3,1,9,0.0,0.0,0.0
55333_G_CTG3,1,10,0.0,0.0,0.0
55333_G_CTG3,1,11,0.0,0.0,0.0
55333_G_CTG3,1,12,0.0,0.0,0.0
55333_G_CTG3,1,13,0.0,0.0,0.0
55333_G_CTG3,1,14,0.0,0.0,0.0
55333_G_CTG3,1,15,0.0,0.0,0.0
55333_G_CTG3,1,16,0.0,0.0,0.0
55333_G_CTG3,1,17,0.0,0.0,0.0
55333_G_CTG3,1,18,0.0,0.0,0.0
55333_G_CTG3,1,19,0.0,0.0,0.0
55333_G_CTG3,1,20,0.0,0.0,0.0
55333_G_CTG3,1,21,0.0,0.0,0.0
55333_G_CTG3,1,22,0.0,0.0,0.0
55333_G_CTG3,1,23,0.0,0.0,0.0
55333_G_CTG3,1,24,0.0,0.0,0.0
55333_G_CTG3,1,25,0.0,0.0,0.0
55333_G_STG1,1,1,0.0,0.0,0.0
55333_G_STG1,1,2,0.0,0.0,0.0
55333_G_STG1,1,3,0.0,0.0,0.0
55333_G_STG1,1,4,0.0,0.0,0.0
55333_G_STG1,1,5,0.0,0.0,0.0
55333_G_STG1,1,6,0.0,0.0,0.0
55333_G_STG1,1,7,0.0,0.0,0.0
55333_G_STG1,1,8,0.0,0.0,0.0
55333_G_STG1,1,9,0.0,0.0,0.0
55333_G_STG1,1,10,0.0,0.0,0.0
55333_G_STG1,1,11,0.0,0.0,0.0
55333_G_STG1,1,12,0.0,0.0,0.0
55333_G_STG1,1,13,0.0,0.0,0.0
55333_G_STG1,1,14,0.0,0.0,0.0
55333_G_STG1,1,15,0.0,0.0,0.0
55333_G_STG1,1,16,0.0,0.0,0.0
55333_G_STG1,1,17,0.0,0.0,0.0
55333_G_STG1,1,18,0.0,0.0,0.0
55333_G_STG1,1,19,0.0,0.0,0.0
55333_G_STG1,1,20,0.0,0.0,0.0
55333_G_STG1,1,21,0.0,0.0,0.0
55333_G_STG1,1,22,0.0,0.0,0.0
55333_G_STG1,1,23,0.0,0.0,0.0
55333_G_STG1,1,24,0.0,0.0,0.0
55333_G_STG1,1,25,0.0,0.0,0.0
55345_G_1-01,1,1,0.0,0.0,0.0
55345_G_1-01,1,2,0.0,0.0,0.0
55345_G_1-01,1,3,0.0,0.0,0.0
55345_G_1-01,1,4,0.0,0.0,0.0
55345_G_1-01,1,5,0.0,0.0,0.0
55345_G_1-01,1,6,0.0,0.0,0.0
55345_G_1-01,1,7,0.0,0.0,0.0
55345_G_1-01,1,8,0.0,0.0,0.0
55345_G_1-01,1,9,0.0,0.0,0.0
55345_G_1-01,1,10,0.0,0.0,0.0
55345_G_1-01,1,11,0.0,0.0,0.0
55345_G_1-01,1,12,0.0,0.0,0.0
55345_G_1-01,1,13,0.0,0.0,0.0
55345_G_1-01,1,14,0.0,0.0,0.0
55345_G_1-01,1,15,0.0,0.0,0.0
55345_G_1-01,1,16,0.0,0.0,0.0
55345_G_1-01,1,17,0.0,0.0,0.0
55345_G_1-01,1,18,0.0,0.0,0.0
55345_G_1-01,1,19,109.71040000000002,0.0,0.0
55345_G_1-01,1,20,152.8,0.0,0.0
55345_G_1-01,1,21,104.2096,0.0,0.0
55345_G_1-01,1,22,61.120000000000005,0.0,0.0
55345_G_1-01,1,23,104.20959999999987,0.0,0.0
55345_G_1-01,1,24,152.8,0.0,0.0
55345_G_1-01,1,25,0.0,0.0,0.0
55345_G_1-02,1,1,0.0,0.0,0.0
55345_G_1-02,1,2,0.0,0.0,0.0
55345_G_1-02,1,3,0.0,0.0,0.0
55345_G_1-02,1,4,0.0,0.0,0.0
55345_G_1-02,1,5,0.0,0.0,0.0
55345_G_1-02,1,6,0.0,0.0,0.0
55345_G_1-02,1,7,0.0,0.0,0.0
55345_G_1-02,1,8,0.0,0.0,0.0
55345_G_1-02,1,9,0.0,0.0,0.0
55345_G_1-02,1,10,0.0,0.0,0.0
55345_G_1-02,1,11,0.0,0.0,0.0
55345_G_1-02,1,12,0.0,0.0,0.0
55345_G_1-02,1,13,0.0,0.0,0.0
55345_G_1-02,1,14,0.0,0.0,0.0
55345_G_1-02,1,15,0.0,0.0,0.0
55345_G_1-02,1,16,0.0,0.0,0.0
55345_G_1-02,1,17,0.0,0.0,0.0
55345_G_1-02,1,18,0.0,0.0,0.0
55345_G_1-02,1,19,109.71040000000013,0.0,0.0
55345_G_1-02,1,20,152.8,0.0,0.0
55345_G_1-02,1,21,104.2096,0.0,0.0
55345_G_1-02,1,22,61.120000000000005,0.0,0.0
55345_G_1-02,1,23,104.20960000000001,0.0,0.0
55345_G_1-02,1,24,152.8,0.0,0.0
55345_G_1-02,1,25,0.0,0.0,0.0
55345_G_1-03,1,1,0.0,0.0,0.0
55345_G_1-03,1,2,0.0,0.0,0.0
55345_G_1-03,1,3,0.0,0.0,0.0
55345_G_1-03,1,4,0.0,0.0,0.0
55345_G_1-03,1,5,0.0,0.0,0.0
55345_G_1-03,1,6,0.0,0.0,0.0
55345_G_1-03,1,7,0.0,0.0,0.0
55345_G_1-03,1,8,0.0,0.0,0.0
55345_G_1-03,1,9,0.0,0.0,0.0
55345_G_1-03,1,10,0.0,0.0,0.0
55345_G_1-03,1,11,0.0,0.0,0.0
55345_G_1-03,1,12,0.0,0.0,0.0
55345_G_1-03,1,13,0.0,0.0,0.0
55345_G_1-03,1,14,0.0,0.0,0.0
55345_G_1-03,1,15,0.0,0.0,0.0
55345_G_1-03,1,16,0.0,0.0,0.0
55345_G_1-03,1,17,0.0,0.0,0.0
55345_G_1-03,1,18,0.0,0.0,0.0
55345_G_1-03,1,19,190.55720000000002,0.0,0.0
55345_G_1-03,1,20,265.4,0.0,0.0
55345_G_1-03,1,21,181.00279999999998,0.0,0.0
55345_G_1-03,1,22,106.16,0.0,0.0
55345_G_1-03,1,23,177.19260161548203,0.0,0.0
55345_G_1-03,1,24,261.5898016154822,3.810198384517941,0.0
55345_G_1-03,1,25,0.0,0.0,0.0
55393_G_CTG1,1,1,68.8,0.0,0.0
55393_G_CTG1,1,2,68.8,0.0,0.0
55393_G_CTG1,1,3,68.8,0.0,0.0
55393_G_CTG1,1,4,68.8,0.0,0.0
55393_G_CTG1,1,5,68.8,0.0,0.0
55393_G_CTG1,1,6,68.8,0.0,0.0
55393_G_CTG1,1,7,68.8,0.0,0.0
55393_G_CTG1,1,8,68.8,0.0,0.0
55393_G_CTG1,1,9,68.8,0.0,0.0
55393_G_CTG1,1,10,68.8,0.0,0.0
55393_G_CTG1,1,11,68.8,0.0,0.0
55393_G_CTG1,1,12,68.8,0.0,0.0
55393_G_CTG1,1,13,68.8,0.0,0.0
55393_G_CTG1,1,14,68.8,0.0,0.0
55393_G_CTG1,1,15,68.8,0.0,0.0
55393_G_CTG1,1,16,123.49600000000001,0.0,0.0
55393_G_CTG1,1,17,68.8,0.0,0.0
55393_G_CTG1,1,18,117.30399999999999,0.0,0.0
55393_G_CTG1,1,19,172.0,0.0,0.0
55393_G_CTG1,1,20,172.0,0.0,0.0
55393_G_CTG1,1,21,172.0,0.0,0.0
55393_G_CTG1,1,22,172.0,0.0,0.0
55393_G_CTG1,1,23,172.0,0.0,0.0
55393_G_CTG1,1,24,172.0,0.0,0.0
55393_G_CTG1,1,25,68.8,0.0,0.0
55393_G_CTG2,1,1,68.8,0.0,0.0
55393_G_CTG2,1,2,68.8,0.0,0.0
55393_G_CTG2,1,3,68.8,0.0,0.0
55393_G_CTG2,1,4,68.8,0.0,0.0
55393_G_CTG2,1,5,68.8,0.0,0.0
55393_G_CTG2,1,6,68.8,0.0,0.0
55393_G_CTG2,1,7,68.8,0.0,0.0
55393_G_CTG2,1,8,68.8,0.0,0.0
55393_G_CTG2,1,9,68.8,0.0,0.0
55393_G_CTG2,1,10,68.8,0.0,0.0
55393_G_CTG2,1,11,68.8,0.0,0.0
55393_G_CTG2,1,12,68.8,0.0,0.0
55393_G_CTG2,1,13,68.8,0.0,0.0
55393_G_CTG2,1,14,68.8,0.0,0.0
55393_G_CTG2,1,15,68.8,0.0,0.0
55393_G_CTG2,1,16,68.8,0.0,0.0
55393_G_CTG2,1,17,68.8,0.0,0.0
55393_G_CTG2,1,18,117.30399999999999,0.0,0.0
55393_G_CTG2,1,19,172.0,0.0,0.0
55393_G_CTG2,1,20,172.0,0.0,0.0
55393_G_CTG2,1,21,172.0,0.0,0.0
55393_G_CTG2,1,22,172.0,0.0,0.0
55393_G_CTG2,1,23,172.0,0.0,0.0
55393_G_CTG2,1,24,172.0,0.0,0.0
55393_G_CTG2,1,25,68.8,0.0,0.0
55393_G_STG1,1,1,80.84,0.0,0.0
55393_G_STG1,1,2,80.84,0.0,0.0
55393_G_STG1,1,3,80.84,0.0,0.0
55393_G_STG1,1,4,80.84,0.0,0.0
55393_G_STG1,1,5,80.84,0.0,0.0
55393_G_STG1,1,6,80.84,0.0,0.0
55393_G_STG1,1,7,80.84,0.0,0.0
55393_G_STG1,1,8,80.84,0.0,0.0
55393_G_STG1,1,9,80.84,0.0,0.0
55393_G_STG1,1,10,80.84,0.0,0.0
55393_G_STG1,1,11,80.84,0.0,0.0
55393_G_STG1,1,12,80.84,0.0,0.0
55393_G_STG1,1,13,80.84,0.0,0.0
55393_G_STG1,1,14,80.84,0.0,0.0
55393_G_STG1,1,15,80.84,0.0,0.0
55393_G_STG1,1,16,80.84,0.0,0.0
55393_G_STG1,1,17,80.84,0.0,0.0
55393_G_STG1,1,18,137.8322,0.0,0.0
55393_G_STG1,1,19,202.1,0.0,0.0
55393_G_STG1,1,20,202.1,0.0,0.0
55393_G_STG1,1,21,202.1,0.0,0.0
55393_G_STG1,1,22,202.1,0.0,0.0
55393_G_STG1,1,23,202.1,0.0,0.0
55393_G_STG1,1,24,202.1,0.0,0.0
55393_G_STG1,1,25,80.84,0.0,0.0
55400_G_CTG1,1,1,62.400000000000006,0.0,0.0
55400_G_CTG1,1,2,62.400000000000006,0.0,0.0
55400_G_CTG1,1,3,62.400000000000006,0.0,0.0
55400_G_CTG1,1,4,62.400000000000006,0.0,0.0
55400_G_CTG1,1,5,112.00800000000001,0.0,0.0
55400_G_CTG1,1,6,62.400000000000006,0.0,0.0
55400_G_CTG1,1,7,62.400000000000006,0.0,0.0
55400_G_CTG1,1,8,62.400000000000006,0.0,0.0
55400_G_CTG1,1,9,62.400000000000006,0.0,0.0
55400_G_CTG1,1,10,62.400000000000006,0.0,0.0
55400_G_CTG1,1,11,62.400000000000006,0.0,0.0
55400_G_CTG1,1,12,62.400000000000006,0.0,0.0
55400_G_CTG1,1,13,62.400000000000006,0.0,0.0
55400_G_CTG1,1,14,62.400000000000006,0.0,0.0
55400_G_CTG1,1,15,62.400000000000006,0.0,0.0
55400_G_CTG1,1,16,112.008,0.0,0.0
55400_G_CTG1,1,17,62.400000000000006,0.0,0.0
55400_G_CTG1,1,18,112.00800000000001,43.99199999999999,0.0
55400_G_CTG1,1,19,156.0,0.0,0.0
55400_G_CTG1,1,20,156.0,0.0,0.0
55400_G_CTG1,1,21,156.0,0.0,0.0
55400_G_CTG1,1,22,156.0,0.0,0.0
55400_G_CTG1,1,23,156.0,0.0,0.0
55400_G_CTG1,1,24,156.0,0.0,0.0
55400_G_CTG1,1,25,62.40000000000001,0.0,0.0
55400_G_CTG2,1,1,62.400000000000006,0.0,0.0
55400_G_CTG2,1,2,62.400000000000006,0.0,0.0
55400_G_CTG2,1,3,62.400000000000006,0.0,0.0
55400_G_CTG2,1,4,62.400000000000006,0.0,0.0
55400_G_CTG2,1,5,112.00800000000001,32.7640091107923,0.0
55400_G_CTG2,1,6,62.400000000000006,0.0,0.0
55400_G_CTG2,1,7,112.00800000000011,0.0,0.0
55400_G_CTG2,1,8,62.400000000000006,0.0,0.0
55400_G_CTG2,1,9,62.400000000000006,0.0,0.0
55400_G_CTG2,1,10,62.400000000000006,0.0,0.0
55400_G_CTG2,1,11,62.400000000000006,0.0,0.0
55400_G_CTG2,1,12,62.400000000000006,0.0,0.0
55400_G_CTG2,1,13,62.400000000000006,0.0,0.0
55400_G_CTG2,1,14,62.400000000000006,0.0,0.0
55400_G_CTG2,1,15,62.400000000000006,0.0,0.0
55400_G_CTG2,1,16,112.00800000000001,0.0,0.0
55400_G_CTG2,1,17,106.392,49.60800000000005,0.0
55400_G_CTG2,1,18,156.0,0.0,0.0
55400_G_CTG2,1,19,156.0,0.0,0.0
55400_G_CTG2,1,20,156.0,0.0,0.0
55400_G_CTG2,1,21,156.0,0.0,0.0
55400_G_CTG2,1,22,156.0,0.0,0.0
55400_G_CTG2,1,23,156.0,0.0,0.0
55400_G_CTG2,1,24,156.0,0.0,0.0
55400_G_CTG2,1,25,62.400000000000006,0.0,0.0
55400_G_STG,1,1,85.2,0.0,0.0
55400_G_STG,1,2,85.2,0.0,0.0
55400_G_STG,1,3,85.2,0.0,0.0
55400_G_STG,1,4,85.2,0.0,0.0
55400_G_STG,1,5,152.93400000000003,0.0,0.0
55400_G_STG,1,6,85.2,0.0,0.0
55400_G_STG,1,7,152.93400000000014,0.0,0.0
55400_G_STG,1,8,85.2,0.0,0.0
55400_G_STG,1,9,85.2,0.0,0.0
55400_G_STG,1,10,85.2,0.0,0.0
55400_G_STG,1,11,85.2,0.0,0.0
55400_G_STG,1,12,85.2,0.0,0.0
55400_G_STG,1,13,85.2,0.0,0.0
55400_G_STG,1,14,85.2,0.0,0.0
55400_G_STG,1,15,85.2,0.0,0.0
55400_G_STG,1,16,152.934,0.0,0.0
55400_G_STG,1,17,145.26600000000002,0.5957936192156907,0.0
55400_G_STG,1,18,212.99999999999932,0.0,0.0
55400_G_STG,1,19,213.0,0.0,0.0
55400_G_STG,1,20,213.0,0.0,0.0
55400_G_STG,1,21,213.0,0.0,0.0
55400_G_STG,1,22,213.0,0.0,0.0
55400_G_STG,1,23,213.0,0.0,0.0
55400_G_STG,1,24,213.0,0.0,0.0
55400_G_STG,1,25,85.2,0.0,0.0
55510_G_CPP4,1,1,0.0,0.0,0.0
55510_G_CPP4,1,2,0.0,0.0,0.0
55510_G_CPP4,1,3,0.0,0.0,0.0
55510_G_CPP4,1,4,0.0,0.0,0.0
55510_G_CPP4,1,5,0.0,0.0,0.0
55510_G_CPP4,1,6,0.0,0.0,0.0
55510_G_CPP4,1,7,0.0,0.0,0.0
55510_G_CPP4,1,8,0.0,0.0,0.0
55510_G_CPP4,1,9,0.0,0.0,0.0
55510_G_CPP4,1,10,0.0,0.0,0.0
55510_G_CPP4,1,11,0.0,0.0,0.0
55510_G_CPP4,1,12,0.0,0.0,0.0
55510_G_CPP4,1,13,0.0,0.0,0.0
55510_G_CPP4,1,14,0.0,0.0,0.0
55510_G_CPP4,1,15,0.0,0.0,0.0
55510_G_CPP4,1,16,0.0,0.0,0.0
55510_G_CPP4,1,17,0.0,0.0,0.0
55510_G_CPP4,1,18,0.0,0.0,0.0
55510_G_CPP4,1,19,0.0,0.0,0.0
55510_G_CPP4,1,20,0.0,0.0,0.0
55510_G_CPP4,1,21,0.0,0.0,0.0
55510_G_CPP4,1,22,0.0,0.0,0.0
55510_G_CPP4,1,23,0.0,0.0,0.0
55510_G_CPP4,1,24,0.0,0.0,0.0
55510_G_CPP4,1,25,0.0,0.0,0.0
55518_G_CTG1,1,1,0.0,0.0,0.0
55518_G_CTG1,1,2,0.0,0.0,0.0
55518_G_CTG1,1,3,0.0,0.0,0.0
55518_G_CTG1,1,4,0.0,0.0,0.0
55518_G_CTG1,1,5,0.0,0.0,0.0
55518_G_CTG1,1,6,0.0,0.0,0.0
55518_G_CTG1,1,7,0.0,0.0,0.0
55518_G_CTG1,1,8,0.0,0.0,0.0
55518_G_CTG1,1,9,0.0,0.0,0.0
55518_G_CTG1,1,10,0.0,0.0,0.0
55518_G_CTG1,1,11,0.0,0.0,0.0
55518_G_CTG1,1,12,0.0,0.0,0.0
55518_G_CTG1,1,13,0.0,0.0,0.0
55518_G_CTG1,1,14,0.0,0.0,0.0
55518_G_CTG1,1,15,0.0,0.0,0.0
55518_G_CTG1,1,16,0.0,0.0,0.0
55518_G_CTG1,1,17,0.0,0.0,0.0
55518_G_CTG1,1,18,0.0,0.0,0.0
55518_G_CTG1,1,19,120.12140000000001,0.0,0.0
55518_G_CTG1,1,20,167.3,0.0,0.0
55518_G_CTG1,1,21,120.12140000000001,12.982248671677482,0.0
55518_G_CTG1,1,22,66.92,0.0,0.0
55518_G_CTG1,1,23,114.0986,0.0,0.0
55518_G_CTG1,1,24,167.3,0.0,0.0
55518_G_CTG1,1,25,0.0,0.0,0.0
55518_G_CTG2,1,1,67.08,0.0,0.0
55518_G_CTG2,1,2,67.08,0.0,0.0
55518_G_CTG2,1,3,67.08,0.0,0.0
55518_G_CTG2,1,4,67.08,0.0,0.0
55518_G_CTG2,1,5,67.08,0.0,0.0
55518_G_CTG2,1,6,67.08,0.0,0.0
55518_G_CTG2,1,7,67.08,0.0,0.0
55518_G_CTG2,1,8,67.08,0.0,0.0
55518_G_CTG2,1,9,67.08,0.0,0.0
55518_G_CTG2,1,10,67.08,0.0,0.0
55518_G_CTG2,1,11,67.08,0.0,0.0
55518_G_CTG2,1,12,67.08,0.0,0.0
55518_G_CTG2,1,13,67.08,0.0,0.0
55518_G_CTG2,1,14,67.08,0.0,0.0
55518_G_CTG2,1,15,67.08,0.0,0.0
55518_G_CTG2,1,16,67.08,0.0,0.0
55518_G_CTG2,1,17,67.08,0.0,0.0
55518_G_CTG2,1,18,67.08,0.0,0.0
55518_G_CTG2,1,19,120.4086,0.0,0.0
55518_G_CTG2,1,20,167.7,0.0,0.0
55518_G_CTG2,1,21,120.4086,47.29139999999998,0.0
55518_G_CTG2,1,22,67.08,0.0,0.0
55518_G_CTG2,1,23,114.37139999999978,0.0,0.0
55518_G_CTG2,1,24,167.7,0.0,0.0
55518_G_CTG2,1,25,0.0,0.0,0.0
55518_G_CTG3,1,1,67.0,0.0,0.0
55518_G_CTG3,1,2,67.0,0.0,0.0
55518_G_CTG3,1,3,67.0,0.0,0.0
55518_G_CTG3,1,4,67.0,0.0,0.0
55518_G_CTG3,1,5,67.0,0.0,0.0
55518_G_CTG3,1,6,67.0,0.0,0.0
55518_G_CTG3,1,7,67.0,0.0,0.0
55518_G_CTG3,1,8,67.0,0.0,0.0
55518_G_CTG3,1,9,67.0,0.0,0.0
55518_G_CTG3,1,10,67.0,0.0,0.0
55518_G_CTG3,1,11,67.0,0.0,0.0
55518_G_CTG3,1,12,67.0,0.0,0.0
55518_G_CTG3,1,13,67.0,0.0,0.0
55518_G_CTG3,1,14,67.0,0.0,0.0
55518_G_CTG3,1,15,67.0,0.0,0.0
55518_G_CTG3,1,16,67.0,0.0,0.0
55518_G_CTG3,1,17,67.0,0.0,0.0
55518_G_CTG3,1,18,67.0,0.0,0.0
55518_G_CTG3,1,19,120.2650000000002,0.0,0.0
55518_G_CTG3,1,20,167.5,0.0,0.0
55518_G_CTG3,1,21,167.5,0.0,0.0
55518_G_CTG3,1,22,114.235,0.0,0.0
55518_G_CTG3,1,23,114.235,53.265,0.0
55518_G_CTG3,1,24,167.5,0.0,0.0
55518_G_CTG3,1,25,0.0,0.0,0.0
55518_G_STG1,1,1,121.92000000000002,0.0,0.0
55518_G_STG1,1,2,121.92000000000002,0.0,0.0
55518_G_STG1,1,3,121.92000000000002,0.0,0.0
55518_G_STG1,1,4,121.92000000000002,0.0,0.0
55518_G_STG1,1,5,121.92000000000002,0.0,0.0
55518_G_STG1,1,6,121.92000000000002,0.0,0.0
55518_G_STG1,1,7,121.92000000000002,0.0,0.0
55518_G_STG1,1,8,121.92000000000002,0.0,0.0
55518_G_STG1,1,9,121.92000000000002,0.0,0.0
55518_G_STG1,1,10,121.92000000000002,0.0,0.0
55518_G_STG1,1,11,121.92000000000002,0.0,0.0
55518_G_STG1,1,12,121.92000000000002,0.0,0.0
55518_G_STG1,1,13,121.92000000000002,0.0,0.0
55518_G_STG1,1,14,121.92000000000002,0.0,0.0
55518_G_STG1,1,15,121.92000000000002,0.0,0.0
55518_G_STG1,1,16,121.92000000000002,0.0,0.0
55518_G_STG1,1,17,121.92000000000002,0.0,0.0
55518_G_STG1,1,18,121.92000000000002,0.0,0.0
55518_G_STG1,1,19,218.84640000000002,0.0,0.0
55518_G_STG1,1,20,304.8,0.0,0.0
55518_G_STG1,1,21,304.8,0.0,0.0
55518_G_STG1,1,22,207.8736,0.0,0.0
55518_G_STG1,1,23,246.77343806822333,58.02656193177668,0.0
55518_G_STG1,1,24,304.8,0.0,0.0
55518_G_STG1,1,25,0.0,0.0,0.0
55541_G_CTG3,1,1,0.0,0.0,0.0
55541_G_CTG3,1,2,0.0,0.0,0.0
55541_G_CTG3,1,3,0.0,0.0,0.0
55541_G_CTG3,1,4,0.0,0.0,0.0
55541_G_CTG3,1,5,0.0,0.0,0.0
55541_G_CTG3,1,6,0.0,0.0,0.0
55541_G_CTG3,1,7,0.0,0.0,0.0
55541_G_CTG3,1,8,0.0,0.0,0.0
55541_G_CTG3,1,9,0.0,0.0,0.0
55541_G_CTG3,1,10,0.0,0.0,0.0
55541_G_CTG3,1,11,0.0,0.0,0.0
55541_G_CTG3,1,12,0.0,0.0,0.0
55541_G_CTG3,1,13,0.0,0.0,0.0
55541_G_CTG3,1,14,0.0,0.0,0.0
55541_G_CTG3,1,15,0.0,0.0,0.0
55541_G_CTG3,1,16,0.0,0.0,0.0
55541_G_CTG3,1,17,0.0,0.0,0.0
55541_G_CTG3,1,18,0.0,0.0,0.0
55541_G_CTG3,1,19,0.0,0.0,0.0
55541_G_CTG3,1,20,0.0,0.0,0.0
55541_G_CTG3,1,21,0.0,0.0,0.0
55541_G_CTG3,1,22,0.0,0.0,0.0
55541_G_CTG3,1,23,0.0,0.0,0.0
55541_G_CTG3,1,24,0.0,0.0,0.0
55541_G_CTG3,1,25,0.0,0.0,0.0
55656_G_CT01,1,1,70.0,0.0,0.0
55656_G_CT01,1,2,70.0,0.0,0.0
55656_G_CT01,1,3,70.0,0.0,0.0
55656_G_CT01,1,4,125.65000000000022,0.0,0.0
55656_G_CT01,1,5,175.0,0.0,0.0
55656_G_CT01,1,6,119.35,0.0,0.0
55656_G_CT01,1,7,125.65,0.0,0.0
55656_G_CT01,1,8,70.0,0.0,0.0
55656_G_CT01,1,9,70.0,0.0,0.0
55656_G_CT01,1,10,70.0,0.0,0.0
55656_G_CT01,1,11,70.0,0.0,0.0
55656_G_CT01,1,12,70.0,0.0,0.0
55656_G_CT01,1,13,70.0,0.0,0.0
55656_G_CT01,1,14,70.0,0.0,0.0
55656_G_CT01,1,15,70.0,0.0,0.0
55656_G_CT01,1,16,125.65,0.0,0.0
55656_G_CT01,1,17,175.0,0.0,0.0
55656_G_CT01,1,18,175.0,0.0,0.0
55656_G_CT01,1,19,175.0,0.0,0.0
55656_G_CT01,1,20,175.0,0.0,0.0
55656_G_CT01,1,21,175.0,0.0,0.0
55656_G_CT01,1,22,175.0,0.0,0.0
55656_G_CT01,1,23,175.0,0.0,0.0
55656_G_CT01,1,24,175.0,0.0,0.0
55656_G_CT01,1,25,175.0,0.0,0.0
55656_G_CT02,1,1,69.2,0.0,0.0
55656_G_CT02,1,2,69.2,0.0,0.0
55656_G_CT02,1,3,69.2,0.0,0.0
55656_G_CT02,1,4,124.21400000000011,0.0,0.0
55656_G_CT02,1,5,173.0,0.0,0.0
55656_G_CT02,1,6,117.986,0.0,0.0
55656_G_CT02,1,7,124.214,0.0,0.0
55656_G_CT02,1,8,69.2,0.0,0.0
55656_G_CT02,1,9,69.2,0.0,0.0
55656_G_CT02,1,10,69.2,0.0,0.0
55656_G_CT02,1,11,69.2,0.0,0.0
55656_G_CT02,1,12,69.2,0.0,0.0
55656_G_CT02,1,13,69.2,0.0,0.0
55656_G_CT02,1,14,69.2,0.0,0.0
55656_G_CT02,1,15,69.2,0.0,0.0
55656_G_CT02,1,16,124.214,0.0,0.0
55656_G_CT02,1,17,173.0,0.0,0.0
55656_G_CT02,1,18,173.0,0.0,0.0
55656_G_CT02,1,19,173.0,0.0,0.0
55656_G_CT02,1,20,173.0,0.0,0.0
55656_G_CT02,1,21,173.0,0.0,0.0
55656_G_CT02,1,22,173.0,0.0,0.0
55656_G_CT02,1,23,173.0,0.0,0.0
55656_G_CT02,1,24,173.0,0.0,0.0
55656_G_CT02,1,25,173.0,0.0,0.0
55656_G_CT04,1,1,62.400000000000006,0.0,0.0
55656_G_CT04,1,2,62.400000000000006,0.0,0.0
55656_G_CT04,1,3,62.400000000000006,0.0,0.0
55656_G_CT04,1,4,106.39199999999994,0.0,0.0
55656_G_CT04,1,5,156.0,0.0,0.0
55656_G_CT04,1,6,106.39199999999992,0.0,0.0
55656_G_CT04,1,7,112.00800000000001,0.0,0.0
55656_G_CT04,1,8,62.40000000000001,0.0,0.0
55656_G_CT04,1,9,62.400000000000006,0.0,0.0
55656_G_CT04,1,10,62.40000000000001,0.0,0.0
55656_G_CT04,1,11,62.400000000000006,0.0,0.0
55656_G_CT04,1,12,62.400000000000006,0.0,0.0
55656_G_CT04,1,13,62.400000000000006,0.0,0.0
55656_G_CT04,1,14,62.400000000000006,0.0,0.0
55656_G_CT04,1,15,62.400000000000006,0.0,0.0
55656_G_CT04,1,16,112.00800000000025,0.0,0.0
55656_G_CT04,1,17,156.0,0.0,0.0
55656_G_CT04,1,18,156.0,0.0,0.0
55656_G_CT04,1,19,156.0,0.0,0.0
55656_G_CT04,1,20,156.0,0.0,0.0
55656_G_CT04,1,21,156.0,0.0,0.0
55656_G_CT04,1,22,156.0,0.0,0.0
55656_G_CT04,1,23,156.0,0.0,0.0
55656_G_CT04,1,24,156.0,0.0,0.0
55656_G_CT04,1,25,62.400000000000006,93.6,0.0
55656_G_ST03,1,1,69.60000000000001,0.0,0.0
55656_G_ST03,1,2,69.60000000000001,0.0,0.0
55656_G_ST03,1,3,69.60000000000001,0.0,0.0
55656_G_ST03,1,4,118.668,0.0,0.0
55656_G_ST03,1,5,174.0,0.0,0.0
55656_G_ST03,1,6,118.66799999999999,0.0,0.0
55656_G_ST03,1,7,124.93200000000002,0.0,0.0
55656_G_ST03,1,8,69.60000000000001,0.0,0.0
55656_G_ST03,1,9,69.60000000000001,0.0,0.0
55656_G_ST03,1,10,69.60000000000001,0.0,0.0
55656_G_ST03,1,11,69.60000000000001,0.0,0.0
55656_G_ST03,1,12,69.60000000000001,0.0,0.0
55656_G_ST03,1,13,69.60000000000001,0.0,0.0
55656_G_ST03,1,14,69.60000000000001,0.0,0.0
55656_G_ST03,1,15,69.60000000000001,0.0,0.0
55656_G_ST03,1,16,124.93200000000012,0.0,0.0
55656_G_ST03,1,17,174.0,0.0,0.0
55656_G_ST03,1,18,174.0,0.0,0.0
55656_G_ST03,1,19,174.0,0.0,0.0
55656_G_ST03,1,20,174.0,0.0,0.0
55656_G_ST03,1,21,174.0,0.0,0.0
55656_G_ST03,1,22,174.0,0.0,0.0
55656_G_ST03,1,23,174.0,0.0,0.0
55656_G_ST03,1,24,174.0,0.0,0.0
55656_G_ST03,1,25,155.91357138764175,18.08642861235824,0.0
55656_G_ST05,1,1,34.800000000000004,0.0,0.0
55656_G_ST05,1,2,34.800000000000004,0.0,0.0
55656_G_ST05,1,3,34.800000000000004,0.0,0.0
55656_G_ST05,1,4,87.0,0.0,0.0
55656_G_ST05,1,5,87.0,0.0,0.0
55656_G_ST05,1,6,34.800000000000004,0.0,0.0
55656_G_ST05,1,7,87.0,0.0,0.0
55656_G_ST05,1,8,34.800000000000004,0.0,0.0
55656_G_ST05,1,9,34.800000000000004,0.0,0.0
55656_G_ST05,1,10,34.800000000000004,0.0,0.0
55656_G_ST05,1,11,34.800000000000004,0.0,0.0
55656_G_ST05,1,12,34.800000000000004,0.0,0.0
55656_G_ST05,1,13,34.800000000000004,0.0,0.0
55656_G_ST05,1,14,34.800000000000004,0.0,0.0
55656_G_ST05,1,15,34.800000000000004,0.0,0.0
55656_G_ST05,1,16,87.0,0.0,0.0
55656_G_ST05,1,17,87.0,0.0,0.0
55656_G_ST05,1,18,87.0,0.0,0.0
55656_G_ST05,1,19,87.0,0.0,0.0
55656_G_ST05,1,20,87.0,0.0,0.0
55656_G_ST05,1,21,87.0,0.0,0.0
55656_G_ST05,1,22,87.0,0.0,0.0
55656_G_ST05,1,23,87.0,0.0,0.0
55656_G_ST05,1,24,87.0,0.0,0.0
55656_G_ST05,1,25,87.0,0.0,0.0
55698_G_HEP1,1,1,0.0,0.0,0.0
55698_G_HEP1,1,2,0.0,0.0,0.0
55698_G_HEP1,1,3,0.0,0.0,0.0
55698_G_HEP1,1,4,0.0,0.0,0.0
55698_G_HEP1,1,5,0.0,0.0,0.0
55698_G_HEP1,1,6,0.0,0.0,0.0
55698_G_HEP1,1,7,0.0,0.0,0.0
55698_G_HEP1,1,8,0.0,0.0,0.0
55698_G_HEP1,1,9,0.0,0.0,0.0
55698_G_HEP1,1,10,0.0,0.0,0.0
55698_G_HEP1,1,11,0.0,0.0,0.0
55698_G_HEP1,1,12,0.0,0.0,0.0
55698_G_HEP1,1,13,0.0,0.0,0.0
55698_G_HEP1,1,14,0.0,0.0,0.0
55698_G_HEP1,1,15,0.0,0.0,0.0
55698_G_HEP1,1,16,0.0,0.0,0.0
55698_G_HEP1,1,17,0.0,0.0,0.0
55698_G_HEP1,1,18,0.0,0.0,0.0
55698_G_HEP1,1,19,0.0,0.0,0.0
55698_G_HEP1,1,20,0.0,0.0,0.0
55698_G_HEP1,1,21,0.0,0.0,0.0
55698_G_HEP1,1,22,0.0,0.0,0.0
55698_G_HEP1,1,23,0.0,0.0,0.0
55698_G_HEP1,1,24,0.0,0.0,0.0
55698_G_HEP1,1,25,0.0,0.0,0.0
55748_G_CAG5,1,1,0.0,0.0,0.0
55748_G_CAG5,1,2,0.0,0.0,0.0
55748_G_CAG5,1,3,0.0,0.0,0.0
55748_G_CAG5,1,4,0.0,0.0,0.0
55748_G_CAG5,1,5,0.0,0.0,0.0
55748_G_CAG5,1,6,0.0,0.0,0.0
55748_G_CAG5,1,7,0.0,0.0,0.0
55748_G_CAG5,1,8,0.0,0.0,0.0
55748_G_CAG5,1,9,0.0,0.0,0.0
55748_G_CAG5,1,10,0.0,0.0,0.0
55748_G_CAG5,1,11,0.0,0.0,0.0
55748_G_CAG5,1,12,0.0,0.0,0.0
55748_G_CAG5,1,13,0.0,0.0,0.0
55748_G_CAG5,1,14,0.0,0.0,0.0
55748_G_CAG5,1,15,0.0,0.0,0.0
55748_G_CAG5,1,16,0.0,0.0,0.0
55748_G_CAG5,1,17,0.0,0.0,0.0
55748_G_CAG5,1,18,0.0,0.0,0.0
55748_G_CAG5,1,19,0.0,0.0,0.0
55748_G_CAG5,1,20,0.0,0.0,0.0
55748_G_CAG5,1,21,0.0,0.0,0.0
55748_G_CAG5,1,22,0.0,0.0,0.0
55748_G_CAG5,1,23,0.0,0.0,0.0
55748_G_CAG5,1,24,0.0,0.0,0.0
55748_G_CAG5,1,25,0.0,0.0,0.0
55748_G_CTG1,1,1,0.0,0.0,0.0
55748_G_CTG1,1,2,0.0,0.0,0.0
55748_G_CTG1,1,3,0.0,0.0,0.0
55748_G_CTG1,1,4,0.0,0.0,0.0
55748_G_CTG1,1,5,0.0,0.0,0.0
55748_G_CTG1,1,6,0.0,0.0,0.0
55748_G_CTG1,1,7,0.0,0.0,0.0
55748_G_CTG1,1,8,0.0,0.0,0.0
55748_G_CTG1,1,9,0.0,0.0,0.0
55748_G_CTG1,1,10,0.0,0.0,0.0
55748_G_CTG1,1,11,0.0,0.0,0.0
55748_G_CTG1,1,12,0.0,0.0,0.0
55748_G_CTG1,1,13,0.0,0.0,0.0
55748_G_CTG1,1,14,0.0,0.0,0.0
55748_G_CTG1,1,15,0.0,0.0,0.0
55748_G_CTG1,1,16,0.0,0.0,0.0
55748_G_CTG1,1,17,0.0,0.0,0.0
55748_G_CTG1,1,18,0.0,0.0,0.0
55748_G_CTG1,1,19,0.0,0.0,0.0
55748_G_CTG1,1,20,0.0,0.0,0.0
55748_G_CTG1,1,21,0.0,0.0,0.0
55748_G_CTG1,1,22,0.0,0.0,0.0
55748_G_CTG1,1,23,0.0,0.0,0.0
55748_G_CTG1,1,24,0.0,0.0,0.0
55748_G_CTG1,1,25,0.0,0.0,0.0
55748_G_CTG2,1,1,0.0,0.0,0.0
55748_G_CTG2,1,2,0.0,0.0,0.0
55748_G_CTG2,1,3,0.0,0.0,0.0
55748_G_CTG2,1,4,0.0,0.0,0.0
55748_G_CTG2,1,5,0.0,0.0,0.0
55748_G_CTG2,1,6,0.0,0.0,0.0
55748_G_CTG2,1,7,0.0,0.0,0.0
55748_G_CTG2,1,8,0.0,0.0,0.0
55748_G_CTG2,1,9,0.0,0.0,0.0
55748_G_CTG2,1,10,0.0,0.0,0.0
55748_G_CTG2,1,11,0.0,0.0,0.0
55748_G_CTG2,1,12,0.0,0.0,0.0
55748_G_CTG2,1,13,0.0,0.0,0.0
55748_G_CTG2,1,14,0.0,0.0,0.0
55748_G_CTG2,1,15,0.0,0.0,0.0
55748_G_CTG2,1,16,0.0,0.0,0.0
55748_G_CTG2,1,17,0.0,0.0,0.0
55748_G_CTG2,1,18,0.0,0.0,0.0
55748_G_CTG2,1,19,0.0,0.0,0.0
55748_G_CTG2,1,20,0.0,0.0,0.0
55748_G_CTG2,1,21,0.0,0.0,0.0
55748_G_CTG2,1,22,0.0,0.0,0.0
55748_G_CTG2,1,23,0.0,0.0,0.0
55748_G_CTG2,1,24,0.0,0.0,0.0
55748_G_CTG2,1,25,0.0,0.0,0.0
55748_G_CTG3,1,1,0.0,0.0,0.0
55748_G_CTG3,1,2,0.0,0.0,0.0
55748_G_CTG3,1,3,0.0,0.0,0.0
55748_G_CTG3,1,4,0.0,0.0,0.0
55748_G_CTG3,1,5,0.0,0.0,0.0
55748_G_CTG3,1,6,0.0,0.0,0.0
55748_G_CTG3,1,7,0.0,0.0,0.0
55748_G_CTG3,1,8,0.0,0.0,0.0
55748_G_CTG3,1,9,0.0,0.0,0.0
55748_G_CTG3,1,10,0.0,0.0,0.0
55748_G_CTG3,1,11,0.0,0.0,0.0
55748_G_CTG3,1,12,0.0,0.0,0.0
55748_G_CTG3,1,13,0.0,0.0,0.0
55748_G_CTG3,1,14,0.0,0.0,0.0
55748_G_CTG3,1,15,0.0,0.0,0.0
55748_G_CTG3,1,16,0.0,0.0,0.0
55748_G_CTG3,1,17,0.0,0.0,0.0
55748_G_CTG3,1,18,0.0,0.0,0.0
55748_G_CTG3,1,19,0.0,0.0,0.0
55748_G_CTG3,1,20,0.0,0.0,0.0
55748_G_CTG3,1,21,0.0,0.0,0.0
55748_G_CTG3,1,22,0.0,0.0,0.0
55748_G_CTG3,1,23,0.0,0.0,0.0
55748_G_CTG3,1,24,0.0,0.0,0.0
55748_G_CTG3,1,25,0.0,0.0,0.0
55748_G_CTG4,1,1,0.0,0.0,0.0
55748_G_CTG4,1,2,0.0,0.0,0.0
55748_G_CTG4,1,3,0.0,0.0,0.0
55748_G_CTG4,1,4,0.0,0.0,0.0
55748_G_CTG4,1,5,0.0,0.0,0.0
55748_G_CTG4,1,6,0.0,0.0,0.0
55748_G_CTG4,1,7,0.0,0.0,0.0
55748_G_CTG4,1,8,0.0,0.0,0.0
55748_G_CTG4,1,9,0.0,0.0,0.0
55748_G_CTG4,1,10,0.0,0.0,0.0
55748_G_CTG4,1,11,0.0,0.0,0.0
55748_G_CTG4,1,12,0.0,0.0,0.0
55748_G_CTG4,1,13,0.0,0.0,0.0
55748_G_CTG4,1,14,0.0,0.0,0.0
55748_G_CTG4,1,15,0.0,0.0,0.0
55748_G_CTG4,1,16,0.0,0.0,0.0
55748_G_CTG4,1,17,0.0,0.0,0.0
55748_G_CTG4,1,18,0.0,0.0,0.0
55748_G_CTG4,1,19,0.0,0.0,0.0
55748_G_CTG4,1,20,0.0,0.0,0.0
55748_G_CTG4,1,21,0.0,0.0,0.0
55748_G_CTG4,1,22,0.0,0.0,0.0
55748_G_CTG4,1,23,0.0,0.0,0.0
55748_G_CTG4,1,24,0.0,0.0,0.0
55748_G_CTG4,1,25,0.0,0.0,0.0
55810_G_S5,1,1,0.0,0.0,0.0
55810_G_S5,1,2,0.0,0.0,0.0
55810_G_S5,1,3,0.0,0.0,0.0
55810_G_S5,1,4,0.0,0.0,0.0
55810_G_S5,1,5,0.0,0.0,0.0
55810_G_S5,1,6,0.0,0.0,0.0
55810_G_S5,1,7,0.0,0.0,0.0
55810_G_S5,1,8,0.0,0.0,0.0
55810_G_S5,1,9,0.0,0.0,0.0
55810_G_S5,1,10,0.0,0.0,0.0
55810_G_S5,1,11,0.0,0.0,0.0
55810_G_S5,1,12,0.0,0.0,0.0
55810_G_S5,1,13,0.0,0.0,0.0
55810_G_S5,1,14,0.0,0.0,0.0
55810_G_S5,1,15,0.0,0.0,0.0
55810_G_S5,1,16,0.0,0.0,0.0
55810_G_S5,1,17,0.0,0.0,0.0
55810_G_S5,1,18,0.0,0.0,0.0
55810_G_S5,1,19,0.0,0.0,0.0
55810_G_S5,1,20,0.0,0.0,0.0
55810_G_S5,1,21,0.0,0.0,0.0
55810_G_S5,1,22,0.0,0.0,0.0
55810_G_S5,1,23,0.0,0.0,0.0
55810_G_S5,1,24,0.0,0.0,0.0
55810_G_S5,1,25,0.0,0.0,0.0
55933_G_TCC1,1,1,0.0,0.0,0.0
55933_G_TCC1,1,2,0.0,0.0,0.0
55933_G_TCC1,1,3,0.0,0.0,0.0
55933_G_TCC1,1,4,0.0,0.0,0.0
55933_G_TCC1,1,5,0.0,0.0,0.0
55933_G_TCC1,1,6,0.0,0.0,0.0
55933_G_TCC1,1,7,0.0,0.0,0.0
55933_G_TCC1,1,8,0.0,0.0,0.0
55933_G_TCC1,1,9,0.0,0.0,0.0
55933_G_TCC1,1,10,0.0,0.0,0.0
55933_G_TCC1,1,11,0.0,0.0,0.0
55933_G_TCC1,1,12,0.0,0.0,0.0
55933_G_TCC1,1,13,0.0,0.0,0.0
55933_G_TCC1,1,14,0.0,0.0,0.0
55933_G_TCC1,1,15,0.0,0.0,0.0
55933_G_TCC1,1,16,0.0,0.0,0.0
55933_G_TCC1,1,17,0.0,0.0,0.0
55933_G_TCC1,1,18,0.0,0.0,0.0
55933_G_TCC1,1,19,0.0,0.0,0.0
55933_G_TCC1,1,20,0.0,0.0,0.0
55933_G_TCC1,1,21,0.0,0.0,0.0
55933_G_TCC1,1,22,0.0,0.0,0.0
55933_G_TCC1,1,23,0.0,0.0,0.0
55933_G_TCC1,1,24,0.0,0.0,0.0
55933_G_TCC1,1,25,0.0,0.0,0.0
55933_G_TPP1,1,1,0.0,0.0,0.0
55933_G_TPP1,1,2,0.0,0.0,0.0
55933_G_TPP1,1,3,0.0,0.0,0.0
55933_G_TPP1,1,4,0.0,0.0,0.0
55933_G_TPP1,1,5,0.0,0.0,0.0
55933_G_TPP1,1,6,0.0,0.0,0.0
55933_G_TPP1,1,7,0.0,0.0,0.0
55933_G_TPP1,1,8,0.0,0.0,0.0
55933_G_TPP1,1,9,0.0,0.0,0.0
55933_G_TPP1,1,10,0.0,0.0,0.0
55933_G_TPP1,1,11,0.0,0.0,0.0
55933_G_TPP1,1,12,0.0,0.0,0.0
55933_G_TPP1,1,13,0.0,0.0,0.0
55933_G_TPP1,1,14,0.0,0.0,0.0
55933_G_TPP1,1,15,0.0,0.0,0.0
55933_G_TPP1,1,16,0.0,0.0,0.0
55933_G_TPP1,1,17,0.0,0.0,0.0
55933_G_TPP1,1,18,0.0,0.0,0.0
55933_G_TPP1,1,19,0.0,0.0,0.0
55933_G_TPP1,1,20,0.0,0.0,0.0
55933_G_TPP1,1,21,0.0,0.0,0.0
55933_G_TPP1,1,22,0.0,0.0,0.0
55933_G_TPP1,1,23,0.0,0.0,0.0
55933_G_TPP1,1,24,0.0,0.0,0.0
55933_G_TPP1,1,25,0.0,0.0,0.0
55933_G_TPP2,1,1,0.0,0.0,0.0
55933_G_TPP2,1,2,0.0,0.0,0.0
55933_G_TPP2,1,3,0.0,0.0,0.0
55933_G_TPP2,1,4,0.0,0.0,0.0
55933_G_TPP2,1,5,0.0,0.0,0.0
55933_G_TPP2,1,6,0.0,0.0,0.0
55933_G_TPP2,1,7,0.0,0.0,0.0
55933_G_TPP2,1,8,0.0,0.0,0.0
55933_G_TPP2,1,9,0.0,0.0,0.0
55933_G_TPP2,1,10,0.0,0.0,0.0
55933_G_TPP2,1,11,0.0,0.0,0.0
55933_G_TPP2,1,12,0.0,0.0,0.0
55933_G_TPP2,1,13,0.0,0.0,0.0
55933_G_TPP2,1,14,0.0,0.0,0.0
55933_G_TPP2,1,15,0.0,0.0,0.0
55933_G_TPP2,1,16,0.0,0.0,0.0
55933_G_TPP2,1,17,0.0,0.0,0.0
55933_G_TPP2,1,18,0.0,0.0,0.0
55933_G_TPP2,1,19,0.0,0.0,0.0
55933_G_TPP2,1,20,0.0,0.0,0.0
55933_G_TPP2,1,21,0.0,0.0,0.0
55933_G_TPP2,1,22,0.0,0.0,0.0
55933_G_TPP2,1,23,0.0,0.0,0.0
55933_G_TPP2,1,24,0.0,0.0,0.0
55933_G_TPP2,1,25,0.0,0.0,0.0
55951_G_AMP1,1,1,0.0,0.0,0.0
55951_G_AMP1,1,2,0.0,0.0,0.0
55951_G_AMP1,1,3,0.0,0.0,0.0
55951_G_AMP1,1,4,0.0,0.0,0.0
55951_G_AMP1,1,5,0.0,0.0,0.0
55951_G_AMP1,1,6,0.0,0.0,0.0
55951_G_AMP1,1,7,0.0,0.0,0.0
55951_G_AMP1,1,8,0.0,0.0,0.0
55951_G_AMP1,1,9,0.0,0.0,0.0
55951_G_AMP1,1,10,0.0,0.0,0.0
55951_G_AMP1,1,11,0.0,0.0,0.0
55951_G_AMP1,1,12,0.0,0.0,0.0
55951_G_AMP1,1,13,0.0,0.0,0.0
55951_G_AMP1,1,14,0.0,0.0,0.0
55951_G_AMP1,1,15,0.0,0.0,0.0
55951_G_AMP1,1,16,0.0,0.0,0.0
55951_G_AMP1,1,17,0.0,0.0,0.0
55951_G_AMP1,1,18,0.0,0.0,0.0
55951_G_AMP1,1,19,0.0,0.0,0.0
55951_G_AMP1,1,20,0.0,0.0,0.0
55951_G_AMP1,1,21,0.0,0.0,0.0
55951_G_AMP1,1,22,0.0,0.0,0.0
55951_G_AMP1,1,23,0.0,0.0,0.0
55951_G_AMP1,1,24,0.0,0.0,0.0
55951_G_AMP1,1,25,0.0,0.0,0.0
55970_G_1,1,1,68.4,0.0,0.0
55970_G_1,1,2,68.4,0.0,0.0
55970_G_1,1,3,68.4,0.0,0.0
55970_G_1,1,4,122.778,0.0,0.0
55970_G_1,1,5,171.0,0.0,0.0
55970_G_1,1,6,171.0,0.0,0.0
55970_G_1,1,7,122.778,0.0,0.0
55970_G_1,1,8,68.4,0.0,0.0
55970_G_1,1,9,68.4,0.0,0.0
55970_G_1,1,10,68.4,0.0,0.0
55970_G_1,1,11,68.4,0.0,0.0
55970_G_1,1,12,68.4,0.0,0.0
55970_G_1,1,13,68.4,0.0,0.0
55970_G_1,1,14,68.4,0.0,0.0
55970_G_1,1,15,68.4,0.0,0.0
55970_G_1,1,16,122.778,0.0,0.0
55970_G_1,1,17,171.0,0.0,0.0
55970_G_1,1,18,171.0,0.0,0.0
55970_G_1,1,19,171.0,0.0,0.0
55970_G_1,1,20,171.0,0.0,0.0
55970_G_1,1,21,171.0,0.0,0.0
55970_G_1,1,22,171.0,0.0,0.0
55970_G_1,1,23,171.0,0.0,0.0
55970_G_1,1,24,171.0,0.0,0.0
55970_G_1,1,25,171.0,0.0,0.0
55970_G_2,1,1,66.4,0.0,0.0
55970_G_2,1,2,66.4,0.0,0.0
55970_G_2,1,3,66.4,0.0,0.0
55970_G_2,1,4,119.18800000000012,0.0,0.0
55970_G_2,1,5,166.0,0.0,0.0
55970_G_2,1,6,113.21199999999999,12.113109948235447,0.0
55970_G_2,1,7,119.18800000000002,0.0,0.0
55970_G_2,1,8,66.4,0.0,0.0
55970_G_2,1,9,66.4,0.0,0.0
55970_G_2,1,10,66.4,0.0,0.0
55970_G_2,1,11,66.4,0.0,0.0
55970_G_2,1,12,66.4,0.0,0.0
55970_G_2,1,13,66.4,0.0,0.0
55970_G_2,1,14,66.4,0.0,0.0
55970_G_2,1,15,66.4,0.0,0.0
55970_G_2,1,16,119.18800000000002,0.0,0.0
55970_G_2,1,17,166.0,0.0,0.0
55970_G_2,1,18,166.0,0.0,0.0
55970_G_2,1,19,166.0,0.0,0.0
55970_G_2,1,20,166.0,0.0,0.0
55970_G_2,1,21,166.0,0.0,0.0
55970_G_2,1,22,166.0,0.0,0.0
55970_G_2,1,23,166.0,0.0,0.0
55970_G_2,1,24,166.0,0.0,0.0
55970_G_2,1,25,166.0,0.0,0.0
55970_G_3,1,1,66.4,0.0,0.0
55970_G_3,1,2,66.4,0.0,0.0
55970_G_3,1,3,66.4,0.0,0.0
55970_G_3,1,4,119.18800000000006,46.81199999999994,0.0
55970_G_3,1,5,166.0,0.0,0.0
55970_G_3,1,6,166.0,0.0,0.0
55970_G_3,1,7,119.18800000000002,0.0,0.0
55970_G_3,1,8,66.4,0.0,0.0
55970_G_3,1,9,66.4,0.0,0.0
55970_G_3,1,10,66.4,0.0,0.0
55970_G_3,1,11,66.4,0.0,0.0
55970_G_3,1,12,66.4,0.0,0.0
55970_G_3,1,13,66.4,0.0,0.0
55970_G_3,1,14,66.4,0.0,0.0
55970_G_3,1,15,66.4,0.0,0.0
55970_G_3,1,16,119.18800000000002,0.0,0.0
55970_G_3,1,17,166.0,0.0,0.0
55970_G_3,1,18,166.0,0.0,0.0
55970_G_3,1,19,166.0,0.0,0.0
55970_G_3,1,20,166.0,0.0,0.0
55970_G_3,1,21,166.0,0.0,0.0
55970_G_3,1,22,166.0,0.0,0.0
55970_G_3,1,23,166.0,0.0,0.0
55970_G_3,1,24,166.0,0.0,0.0
55970_G_3,1,25,166.0,0.0,0.0
55983_G_TG51,1,1,46.0,0.0,0.0
55983_G_TG51,1,2,46.0,0.0,0.0
55983_G_TG51,1,3,46.0,0.0,0.0
55983_G_TG51,1,4,46.0,0.0,0.0
55983_G_TG51,1,5,46.0,0.0,0.0
55983_G_TG51,1,6,46.0,0.0,0.0
55983_G_TG51,1,7,46.0,0.0,0.0
55983_G_TG51,1,8,30.268,0.0,0.0
55983_G_TG51,1,9,18.4,0.0,0.0
55983_G_TG51,1,10,18.4,0.0,0.0
55983_G_TG51,1,11,18.4,0.0,0.0
55983_G_TG51,1,12,18.4,0.0,0.0
55983_G_TG51,1,13,30.267999999997272,0.0,0.0
55983_G_TG51,1,14,45.99999999999727,0.0,0.0
55983_G_TG51,1,15,46.0,0.0,0.0
55983_G_TG51,1,16,46.0,0.0,0.0
55983_G_TG51,1,17,46.0,0.0,0.0
55983_G_TG51,1,18,46.0,0.0,0.0
55983_G_TG51,1,19,46.0,0.0,0.0
55983_G_TG51,1,20,46.0,0.0,0.0
55983_G_TG51,1,21,46.0,0.0,0.0
55983_G_TG51,1,22,46.0,0.0,0.0
55983_G_TG51,1,23,46.0,0.0,0.0
55983_G_TG51,1,24,46.0,0.0,0.0
55983_G_TG51,1,25,46.0,0.0,0.0
55984_G_TG21,1,1,10.9,0.0,0.0
55984_G_TG21,1,2,10.9,0.0,0.0
55984_G_TG21,1,3,10.9,0.0,0.0
55984_G_TG21,1,4,10.9,0.0,0.0
55984_G_TG21,1,5,10.9,0.0,0.0
55984_G_TG21,1,6,10.9,0.0,0.0
55984_G_TG21,1,7,10.9,0.0,0.0
55984_G_TG21,1,8,7.172200000000001,3.7277999999999993,2.8122000000000007
55984_G_TG21,1,9,4.36,6.54,0.0
55984_G_TG21,1,10,4.36,6.54,0.0
55984_G_TG21,1,11,4.36,6.54,0.0
55984_G_TG21,1,12,4.36,6.54,0.0
55984_G_TG21,1,13,7.1722,3.7278000000000064,2.812200000000001
55984_G_TG21,1,14,10.9,0.0,0.0
55984_G_TG21,1,15,10.9,0.0,0.0
55984_G_TG21,1,16,10.9,0.0,0.0
55984_G_TG21,1,17,10.9,0.0,0.0
55984_G_TG21,1,18,10.9,0.0,0.0
55984_G_TG21,1,19,10.9,0.0,0.0
55984_G_TG21,1,20,10.9,0.0,0.0
55984_G_TG21,1,21,10.9,0.0,0.0
55984_G_TG21,1,22,10.9,0.0,0.0
55984_G_TG21,1,23,10.9,0.0,0.0
55984_G_TG21,1,24,10.9,0.0,0.0
55984_G_TG21,1,25,10.9,0.0,0.0
55985_G_CTG1,1,1,68.0,0.0,0.0
55985_G_CTG1,1,2,68.0,0.0,0.0
55985_G_CTG1,1,3,68.0,0.0,0.0
55985_G_CTG1,1,4,122.0600000000001,47.939999999999934,0.0
55985_G_CTG1,1,5,170.0,0.0,0.0
55985_G_CTG1,1,6,170.0,0.0,0.0
55985_G_CTG1,1,7,122.06,0.0,0.0
55985_G_CTG1,1,8,68.0,0.0,0.0
55985_G_CTG1,1,9,68.0,0.0,0.0
55985_G_CTG1,1,10,68.0,0.0,0.0
55985_G_CTG1,1,11,68.0,0.0,0.0
55985_G_CTG1,1,12,68.0,0.0,0.0
55985_G_CTG1,1,13,68.0,0.0,0.0
55985_G_CTG1,1,14,68.0,0.0,0.0
55985_G_CTG1,1,15,68.0,0.0,0.0
55985_G_CTG1,1,16,122.06,0.0,0.0
55985_G_CTG1,1,17,170.0,0.0,0.0
55985_G_CTG1,1,18,170.0,0.0,0.0
55985_G_CTG1,1,19,170.0,0.0,0.0
55985_G_CTG1,1,20,170.0,0.0,0.0
55985_G_CTG1,1,21,170.0,0.0,0.0
55985_G_CTG1,1,22,170.0,0.0,0.0
55985_G_CTG1,1,23,170.0,0.0,0.0
55985_G_CTG1,1,24,170.0,0.0,0.0
55985_G_CTG1,1,25,170.0,0.0,0.0
55985_G_CTG2,1,1,68.0,0.0,0.0
55985_G_CTG2,1,2,68.0,0.0,0.0
55985_G_CTG2,1,3,68.0,0.0,0.0
55985_G_CTG2,1,4,122.06,21.49575673508282,0.0
55985_G_CTG2,1,5,170.0,0.0,0.0
55985_G_CTG2,1,6,170.0,0.0,0.0
55985_G_CTG2,1,7,122.06,0.0,0.0
55985_G_CTG2,1,8,68.0,0.0,0.0
55985_G_CTG2,1,9,68.0,0.0,0.0
55985_G_CTG2,1,10,68.0,0.0,0.0
55985_G_CTG2,1,11,68.0,0.0,0.0
55985_G_CTG2,1,12,68.0,0.0,0.0
55985_G_CTG2,1,13,68.0,0.0,0.0
55985_G_CTG2,1,14,68.0,0.0,0.0
55985_G_CTG2,1,15,68.0,0.0,0.0
55985_G_CTG2,1,16,122.06,0.0,0.0
55985_G_CTG2,1,17,170.0,0.0,0.0
55985_G_CTG2,1,18,170.0,0.0,0.0
55985_G_CTG2,1,19,170.0,0.0,0.0
55985_G_CTG2,1,20,170.0,0.0,0.0
55985_G_CTG2,1,21,170.0,0.0,0.0
55985_G_CTG2,1,22,170.0,0.0,0.0
55985_G_CTG2,1,23,170.0,0.0,0.0
55985_G_CTG2,1,24,170.0,0.0,0.0
55985_G_CTG2,1,25,170.0,0.0,0.0
55985_G_STG,1,1,88.80000000000004,0.0,0.0
55985_G_STG,1,2,88.80000000000004,0.0,0.0
55985_G_STG,1,3,88.80000000000004,0.0,0.0
55985_G_STG,1,4,159.39600000000004,0.0,0.0
55985_G_STG,1,5,222.0,0.0,0.0
55985_G_STG,1,6,151.404,70.59600000000007,0.0
55985_G_STG,1,7,159.39600000000004,0.0,0.0
55985_G_STG,1,8,88.80000000000004,0.0,0.0
55985_G_STG,1,9,88.80000000000004,0.0,0.0
55985_G_STG,1,10,88.80000000000004,0.0,0.0
55985_G_STG,1,11,88.80000000000004,0.0,0.0
55985_G_STG,1,12,88.80000000000004,0.0,0.0
55985_G_STG,1,13,88.80000000000004,0.0,0.0
55985_G_STG,1,14,88.80000000000004,0.0,0.0
55985_G_STG,1,15,88.80000000000004,0.0,0.0
55985_G_STG,1,16,159.39600000000047,0.0,0.0
55985_G_STG,1,17,222.0,0.0,0.0
55985_G_STG,1,18,222.0,0.0,0.0
55985_G_STG,1,19,222.0,0.0,0.0
55985_G_STG,1,20,222.0,0.0,0.0
55985_G_STG,1,21,222.0,0.0,0.0
55985_G_STG,1,22,222.0,0.0,0.0
55985_G_STG,1,23,222.0,0.0,0.0
55985_G_STG,1,24,222.0,0.0,0.0
55985_G_STG,1,25,222.0,0.0,0.0
56026_G_CTG1,1,1,0.0,0.0,0.0
56026_G_CTG1,1,2,0.0,0.0,0.0
56026_G_CTG1,1,3,0.0,0.0,0.0
56026_G_CTG1,1,4,0.0,0.0,0.0
56026_G_CTG1,1,5,0.0,0.0,0.0
56026_G_CTG1,1,6,0.0,0.0,0.0
56026_G_CTG1,1,7,0.0,0.0,0.0
56026_G_CTG1,1,8,0.0,0.0,0.0
56026_G_CTG1,1,9,0.0,0.0,0.0
56026_G_CTG1,1,10,0.0,0.0,0.0
56026_G_CTG1,1,11,0.0,0.0,0.0
56026_G_CTG1,1,12,0.0,0.0,0.0
56026_G_CTG1,1,13,0.0,0.0,0.0
56026_G_CTG1,1,14,0.0,0.0,0.0
56026_G_CTG1,1,15,0.0,0.0,0.0
56026_G_CTG1,1,16,0.0,0.0,0.0
56026_G_CTG1,1,17,0.0,0.0,0.0
56026_G_CTG1,1,18,0.0,0.0,0.0
56026_G_CTG1,1,19,0.0,0.0,0.0
56026_G_CTG1,1,20,0.0,0.0,0.0
56026_G_CTG1,1,21,0.0,0.0,0.0
56026_G_CTG1,1,22,0.0,0.0,0.0
56026_G_CTG1,1,23,0.0,0.0,0.0
56026_G_CTG1,1,24,0.0,0.0,0.0
56026_G_CTG1,1,25,0.0,0.0,0.0
56026_G_CTG2,1,1,0.0,0.0,0.0
56026_G_CTG2,1,2,0.0,0.0,0.0
56026_G_CTG2,1,3,0.0,0.0,0.0
56026_G_CTG2,1,4,0.0,0.0,0.0
56026_G_CTG2,1,5,0.0,0.0,0.0
56026_G_CTG2,1,6,0.0,0.0,0.0
56026_G_CTG2,1,7,0.0,0.0,0.0
56026_G_CTG2,1,8,0.0,0.0,0.0
56026_G_CTG2,1,9,0.0,0.0,0.0
56026_G_CTG2,1,10,0.0,0.0,0.0
56026_G_CTG2,1,11,0.0,0.0,0.0
56026_G_CTG2,1,12,0.0,0.0,0.0
56026_G_CTG2,1,13,0.0,0.0,0.0
56026_G_CTG2,1,14,0.0,0.0,0.0
56026_G_CTG2,1,15,0.0,0.0,0.0
56026_G_CTG2,1,16,0.0,0.0,0.0
56026_G_CTG2,1,17,0.0,0.0,0.0
56026_G_CTG2,1,18,0.0,0.0,0.0
56026_G_CTG2,1,19,0.0,0.0,0.0
56026_G_CTG2,1,20,0.0,0.0,0.0
56026_G_CTG2,1,21,0.0,0.0,0.0
56026_G_CTG2,1,22,0.0,0.0,0.0
56026_G_CTG2,1,23,0.0,0.0,0.0
56026_G_CTG2,1,24,0.0,0.0,0.0
56026_G_CTG2,1,25,0.0,0.0,0.0
56026_G_STG,1,1,0.0,0.0,0.0
56026_G_STG,1,2,0.0,0.0,0.0
56026_G_STG,1,3,0.0,0.0,0.0
56026_G_STG,1,4,0.0,0.0,0.0
56026_G_STG,1,5,0.0,0.0,0.0
56026_G_STG,1,6,0.0,0.0,0.0
56026_G_STG,1,7,0.0,0.0,0.0
56026_G_STG,1,8,0.0,0.0,0.0
56026_G_STG,1,9,0.0,0.0,0.0
56026_G_STG,1,10,0.0,0.0,0.0
56026_G_STG,1,11,0.0,0.0,0.0
56026_G_STG,1,12,0.0,0.0,0.0
56026_G_STG,1,13,0.0,0.0,0.0
56026_G_STG,1,14,0.0,0.0,0.0
56026_G_STG,1,15,0.0,0.0,0.0
56026_G_STG,1,16,0.0,0.0,0.0
56026_G_STG,1,17,0.0,0.0,0.0
56026_G_STG,1,18,0.0,0.0,0.0
56026_G_STG,1,19,0.0,0.0,0.0
56026_G_STG,1,20,0.0,0.0,0.0
56026_G_STG,1,21,0.0,0.0,0.0
56026_G_STG,1,22,0.0,0.0,0.0
56026_G_STG,1,23,0.0,0.0,0.0
56026_G_STG,1,24,0.0,0.0,0.0
56026_G_STG,1,25,0.0,0.0,0.0
56041_G_M1,1,1,0.0,0.0,0.0
56041_G_M1,1,2,0.0,0.0,0.0
56041_G_M1,1,3,0.0,0.0,0.0
56041_G_M1,1,4,0.0,0.0,0.0
56041_G_M1,1,5,0.0,0.0,0.0
56041_G_M1,1,6,0.0,0.0,0.0
56041_G_M1,1,7,0.0,0.0,0.0
56041_G_M1,1,8,0.0,0.0,0.0
56041_G_M1,1,9,0.0,0.0,0.0
56041_G_M1,1,10,0.0,0.0,0.0
56041_G_M1,1,11,0.0,0.0,0.0
56041_G_M1,1,12,0.0,0.0,0.0
56041_G_M1,1,13,0.0,0.0,0.0
56041_G_M1,1,14,0.0,0.0,0.0
56041_G_M1,1,15,0.0,0.0,0.0
56041_G_M1,1,16,0.0,0.0,0.0
56041_G_M1,1,17,0.0,0.0,0.0
56041_G_M1,1,18,0.0,0.0,0.0
56041_G_M1,1,19,0.0,0.0,0.0
56041_G_M1,1,20,0.0,0.0,0.0
56041_G_M1,1,21,0.0,0.0,0.0
56041_G_M1,1,22,0.0,0.0,0.0
56041_G_M1,1,23,0.0,0.0,0.0
56041_G_M1,1,24,0.0,0.0,0.0
56041_G_M1,1,25,0.0,0.0,0.0
56041_G_M2,1,1,0.0,0.0,0.0
56041_G_M2,1,2,0.0,0.0,0.0
56041_G_M2,1,3,0.0,0.0,0.0
56041_G_M2,1,4,0.0,0.0,0.0
56041_G_M2,1,5,0.0,0.0,0.0
56041_G_M2,1,6,0.0,0.0,0.0
56041_G_M2,1,7,0.0,0.0,0.0
56041_G_M2,1,8,0.0,0.0,0.0
56041_G_M2,1,9,0.0,0.0,0.0
56041_G_M2,1,10,0.0,0.0,0.0
56041_G_M2,1,11,0.0,0.0,0.0
56041_G_M2,1,12,0.0,0.0,0.0
56041_G_M2,1,13,0.0,0.0,0.0
56041_G_M2,1,14,0.0,0.0,0.0
56041_G_M2,1,15,0.0,0.0,0.0
56041_G_M2,1,16,0.0,0.0,0.0
56041_G_M2,1,17,0.0,0.0,0.0
56041_G_M2,1,18,0.0,0.0,0.0
56041_G_M2,1,19,0.0,0.0,0.0
56041_G_M2,1,20,0.0,0.0,0.0
56041_G_M2,1,21,0.0,0.0,0.0
56041_G_M2,1,22,0.0,0.0,0.0
56041_G_M2,1,23,0.0,0.0,0.0
56041_G_M2,1,24,0.0,0.0,0.0
56041_G_M2,1,25,0.0,0.0,0.0
56041_G_M3,1,1,0.0,0.0,0.0
56041_G_M3,1,2,0.0,0.0,0.0
56041_G_M3,1,3,0.0,0.0,0.0
56041_G_M3,1,4,0.0,0.0,0.0
56041_G_M3,1,5,0.0,0.0,0.0
56041_G_M3,1,6,0.0,0.0,0.0
56041_G_M3,1,7,0.0,0.0,0.0
56041_G_M3,1,8,0.0,0.0,0.0
56041_G_M3,1,9,0.0,0.0,0.0
56041_G_M3,1,10,0.0,0.0,0.0
56041_G_M3,1,11,0.0,0.0,0.0
56041_G_M3,1,12,0.0,0.0,0.0
56041_G_M3,1,13,0.0,0.0,0.0
56041_G_M3,1,14,0.0,0.0,0.0
56041_G_M3,1,15,0.0,0.0,0.0
56041_G_M3,1,16,0.0,0.0,0.0
56041_G_M3,1,17,0.0,0.0,0.0
56041_G_M3,1,18,0.0,0.0,0.0
56041_G_M3,1,19,0.0,0.0,0.0
56041_G_M3,1,20,0.0,0.0,0.0
56041_G_M3,1,21,0.0,0.0,0.0
56041_G_M3,1,22,0.0,0.0,0.0
56041_G_M3,1,23,0.0,0.0,0.0
56041_G_M3,1,24,0.0,0.0,0.0
56041_G_M3,1,25,0.0,0.0,0.0
56046_G_1,1,1,64.4,0.0,0.0
56046_G_1,1,2,64.4,0.0,0.0
56046_G_1,1,3,64.4,0.0,0.0
56046_G_1,1,4,64.4,0.0,0.0
56046_G_1,1,5,115.59800000000001,45.40199999999999,0.0
56046_G_1,1,6,64.4,0.0,0.0
56046_G_1,1,7,115.59800000000003,0.0,0.0
56046_G_1,1,8,64.4,0.0,0.0
56046_G_1,1,9,64.4,0.0,0.0
56046_G_1,1,10,64.4,0.0,0.0
56046_G_1,1,11,64.4,0.0,0.0
56046_G_1,1,12,64.4,0.0,0.0
56046_G_1,1,13,64.4,0.0,0.0
56046_G_1,1,14,64.4,0.0,0.0
56046_G_1,1,15,64.4,0.0,0.0
56046_G_1,1,16,115.59800000000001,0.0,0.0
56046_G_1,1,17,109.80199999999999,51.19800000000005,0.0
56046_G_1,1,18,161.0,0.0,0.0
56046_G_1,1,19,161.0,0.0,0.0
56046_G_1,1,20,161.0,0.0,0.0
56046_G_1,1,21,161.0,0.0,0.0
56046_G_1,1,22,161.0,0.0,0.0
56046_G_1,1,23,161.0,0.0,0.0
56046_G_1,1,24,161.0,0.0,0.0
56046_G_1,1,25,64.4,0.0,0.0
56046_G_2,1,1,56.0,0.0,0.0
56046_G_2,1,2,56.0,0.0,0.0
56046_G_2,1,3,56.0,0.0,0.0
56046_G_2,1,4,56.0,0.0,0.0
56046_G_2,1,5,100.5200000000001,39.47999999999999,0.0
56046_G_2,1,6,56.0,0.0,0.0
56046_G_2,1,7,100.52000000000004,0.0,0.0
56046_G_2,1,8,56.0,0.0,0.0
56046_G_2,1,9,56.0,0.0,0.0
56046_G_2,1,10,56.0,0.0,0.0
56046_G_2,1,11,56.0,0.0,0.0
56046_G_2,1,12,56.0,0.0,0.0
56046_G_2,1,13,56.0,0.0,0.0
56046_G_2,1,14,56.0,0.0,0.0
56046_G_2,1,15,56.0,0.0,0.0
56046_G_2,1,16,100.52000000000001,0.0,0.0
56046_G_2,1,17,95.47999999999999,44.520000000000046,0.0
56046_G_2,1,18,140.0,0.0,0.0
56046_G_2,1,19,140.0,0.0,0.0
56046_G_2,1,20,140.0,0.0,0.0
56046_G_2,1,21,140.0,0.0,0.0
56046_G_2,1,22,140.0,0.0,0.0
56046_G_2,1,23,140.0,0.0,0.0
56046_G_2,1,24,140.0,0.0,0.0
56046_G_2,1,25,56.0,5.036336526043563,0.0
56078_G_1,1,1,0.0,0.0,0.0
56078_G_1,1,2,0.0,0.0,0.0
56078_G_1,1,3,0.0,0.0,0.0
56078_G_1,1,4,0.0,0.0,0.0
56078_G_1,1,5,0.0,0.0,0.0
56078_G_1,1,6,0.0,0.0,0.0
56078_G_1,1,7,0.0,0.0,0.0
56078_G_1,1,8,0.0,0.0,0.0
56078_G_1,1,9,0.0,0.0,0.0
56078_G_1,1,10,0.0,0.0,0.0
56078_G_1,1,11,0.0,0.0,0.0
56078_G_1,1,12,0.0,0.0,0.0
56078_G_1,1,13,0.0,0.0,0.0
56078_G_1,1,14,0.0,0.0,0.0
56078_G_1,1,15,0.0,0.0,0.0
56078_G_1,1,16,0.0,0.0,0.0
56078_G_1,1,17,0.0,0.0,0.0
56078_G_1,1,18,0.0,0.0,0.0
56078_G_1,1,19,0.0,0.0,0.0
56078_G_1,1,20,0.0,0.0,0.0
56078_G_1,1,21,0.0,0.0,0.0
56078_G_1,1,22,0.0,0.0,0.0
56078_G_1,1,23,0.0,0.0,0.0
56078_G_1,1,24,0.0,0.0,0.0
56078_G_1,1,25,0.0,0.0,0.0
56078_G_2,1,1,0.0,0.0,0.0
56078_G_2,1,2,0.0,0.0,0.0
56078_G_2,1,3,0.0,0.0,0.0
56078_G_2,1,4,0.0,0.0,0.0
56078_G_2,1,5,0.0,0.0,0.0
56078_G_2,1,6,0.0,0.0,0.0
56078_G_2,1,7,0.0,0.0,0.0
56078_G_2,1,8,0.0,0.0,0.0
56078_G_2,1,9,0.0,0.0,0.0
56078_G_2,1,10,0.0,0.0,0.0
56078_G_2,1,11,0.0,0.0,0.0
56078_G_2,1,12,0.0,0.0,0.0
56078_G_2,1,13,0.0,0.0,0.0
56078_G_2,1,14,0.0,0.0,0.0
56078_G_2,1,15,0.0,0.0,0.0
56078_G_2,1,16,0.0,0.0,0.0
56078_G_2,1,17,0.0,0.0,0.0
56078_G_2,1,18,0.0,0.0,0.0
56078_G_2,1,19,0.0,0.0,0.0
56078_G_2,1,20,0.0,0.0,0.0
56078_G_2,1,21,0.0,0.0,0.0
56078_G_2,1,22,0.0,0.0,0.0
56078_G_2,1,23,0.0,0.0,0.0
56078_G_2,1,24,0.0,0.0,0.0
56078_G_2,1,25,0.0,0.0,0.0
56078_G_3,1,1,0.0,0.0,0.0
56078_G_3,1,2,0.0,0.0,0.0
56078_G_3,1,3,0.0,0.0,0.0
56078_G_3,1,4,0.0,0.0,0.0
56078_G_3,1,5,0.0,0.0,0.0
56078_G_3,1,6,0.0,0.0,0.0
56078_G_3,1,7,0.0,0.0,0.0
56078_G_3,1,8,0.0,0.0,0.0
56078_G_3,1,9,0.0,0.0,0.0
56078_G_3,1,10,0.0,0.0,0.0
56078_G_3,1,11,0.0,0.0,0.0
56078_G_3,1,12,0.0,0.0,0.0
56078_G_3,1,13,0.0,0.0,0.0
56078_G_3,1,14,0.0,0.0,0.0
56078_G_3,1,15,0.0,0.0,0.0
56078_G_3,1,16,0.0,0.0,0.0
56078_G_3,1,17,0.0,0.0,0.0
56078_G_3,1,18,0.0,0.0,0.0
56078_G_3,1,19,0.0,0.0,0.0
56078_G_3,1,20,0.0,0.0,0.0
56078_G_3,1,21,0.0,0.0,0.0
56078_G_3,1,22,0.0,0.0,0.0
56078_G_3,1,23,0.0,0.0,0.0
56078_G_3,1,24,0.0,0.0,0.0
56078_G_3,1,25,0.0,0.0,0.0
56090_G_D182,1,1,11.2,0.0,0.0
56090_G_D182,1,2,11.2,0.0,0.0
56090_G_D182,1,3,11.2,0.0,0.0
56090_G_D182,1,4,11.2,0.0,0.0
56090_G_D182,1,5,11.2,0.0,0.0
56090_G_D182,1,6,11.2,0.0,0.0
56090_G_D182,1,7,11.2,0.0,0.0
56090_G_D182,1,8,6.159999999999998,0.0,0.0
56090_G_D182,1,9,4.48,0.0,0.0
56090_G_D182,1,10,4.48,0.0,0.0
56090_G_D182,1,11,4.48,0.0,0.0
56090_G_D182,1,12,4.48,0.0,0.0
56090_G_D182,1,13,4.48,0.0,0.0
56090_G_D182,1,14,9.52,0.0,0.0
56090_G_D182,1,15,11.2,0.0,0.0
56090_G_D182,1,16,11.2,0.0,0.0
56090_G_D182,1,17,11.2,0.0,0.0
56090_G_D182,1,18,11.2,0.0,0.0
56090_G_D182,1,19,11.2,0.0,0.0
56090_G_D182,1,20,11.2,0.0,0.0
56090_G_D182,1,21,11.2,0.0,0.0
56090_G_D182,1,22,11.2,0.0,0.0
56090_G_D182,1,23,11.2,0.0,0.0
56090_G_D182,1,24,11.2,0.0,0.0
56090_G_D182,1,25,11.2,0.0,0.0
56090_G_D190,1,1,0.3,0.0,0.0
56090_G_D190,1,2,0.3,0.0,0.0
56090_G_D190,1,3,0.3,0.0,0.0
56090_G_D190,1,4,0.3,0.0,0.0
56090_G_D190,1,5,0.3,0.0,0.0
56090_G_D190,1,6,0.3,0.0,0.0
56090_G_D190,1,7,0.3,0.0,0.0
56090_G_D190,1,8,0.16499999999999998,0.0,0.0
56090_G_D190,1,9,0.12,0.0,0.0
56090_G_D190,1,10,0.12,0.0,0.0
56090_G_D190,1,11,0.12,0.0,0.0
56090_G_D190,1,12,0.12,0.0,0.0
56090_G_D190,1,13,0.12,0.0,0.0
56090_G_D190,1,14,0.255,0.0,0.0
56090_G_D190,1,15,0.3,0.0,0.0
56090_G_D190,1,16,0.3,0.0,0.0
56090_G_D190,1,17,0.3,0.0,0.0
56090_G_D190,1,18,0.3,0.0,0.0
56090_G_D190,1,19,0.3,0.0,0.0
56090_G_D190,1,20,0.3,0.0,0.0
56090_G_D190,1,21,0.3,0.0,0.0
56090_G_D190,1,22,0.3,0.0,0.0
56090_G_D190,1,23,0.3,0.0,0.0
56090_G_D190,1,24,0.3,0.0,0.0
56090_G_D190,1,25,0.3,0.0,0.0
56135_G_2,1,1,0.0,0.0,0.0
56135_G_2,1,2,0.0,0.0,0.0
56135_G_2,1,3,0.0,0.0,0.0
56135_G_2,1,4,0.0,0.0,0.0
56135_G_2,1,5,0.0,0.0,0.0
56135_G_2,1,6,0.0,0.0,0.0
56135_G_2,1,7,0.0,0.0,0.0
56135_G_2,1,8,0.0,0.0,0.0
56135_G_2,1,9,0.0,0.0,0.0
56135_G_2,1,10,0.0,0.0,0.0
56135_G_2,1,11,0.0,0.0,0.0
56135_G_2,1,12,0.0,0.0,0.0
56135_G_2,1,13,0.0,0.0,0.0
56135_G_2,1,14,0.0,0.0,0.0
56135_G_2,1,15,0.0,0.0,0.0
56135_G_2,1,16,0.0,0.0,0.0
56135_G_2,1,17,0.0,0.0,0.0
56135_G_2,1,18,0.0,0.0,0.0
56135_G_2,1,19,0.0,0.0,0.0
56135_G_2,1,20,0.0,0.0,0.0
56135_G_2,1,21,0.0,0.0,0.0
56135_G_2,1,22,0.0,0.0,0.0
56135_G_2,1,23,0.0,0.0,0.0
56135_G_2,1,24,0.0,0.0,0.0
56135_G_2,1,25,0.0,0.0,0.0
56232_G_1,1,1,0.0,0.0,0.0
56232_G_1,1,2,0.0,0.0,0.0
56232_G_1,1,3,0.0,0.0,0.0
56232_G_1,1,4,0.0,0.0,0.0
56232_G_1,1,5,0.0,0.0,0.0
56232_G_1,1,6,0.0,0.0,0.0
56232_G_1,1,7,0.0,0.0,0.0
56232_G_1,1,8,0.0,0.0,0.0
56232_G_1,1,9,0.0,0.0,0.0
56232_G_1,1,10,0.0,0.0,0.0
56232_G_1,1,11,0.0,0.0,0.0
56232_G_1,1,12,0.0,0.0,0.0
56232_G_1,1,13,0.0,0.0,0.0
56232_G_1,1,14,0.0,0.0,0.0
56232_G_1,1,15,0.0,0.0,0.0
56232_G_1,1,16,0.0,0.0,0.0
56232_G_1,1,17,0.0,0.0,0.0
56232_G_1,1,18,0.0,0.0,0.0
56232_G_1,1,19,0.0,0.0,0.0
56232_G_1,1,20,0.0,0.0,0.0
56232_G_1,1,21,0.0,0.0,0.0
56232_G_1,1,22,0.0,0.0,0.0
56232_G_1,1,23,0.0,0.0,0.0
56232_G_1,1,24,0.0,0.0,0.0
56232_G_1,1,25,0.0,0.0,0.0
56298_G_0001,1,1,0.0,0.0,0.0
56298_G_0001,1,2,0.0,0.0,0.0
56298_G_0001,1,3,0.0,0.0,0.0
56298_G_0001,1,4,0.0,0.0,0.0
56298_G_0001,1,5,0.0,0.0,0.0
56298_G_0001,1,6,0.0,0.0,0.0
56298_G_0001,1,7,0.0,0.0,0.0
56298_G_0001,1,8,0.0,0.0,0.0
56298_G_0001,1,9,0.0,0.0,0.0
56298_G_0001,1,10,0.0,0.0,0.0
56298_G_0001,1,11,0.0,0.0,0.0
56298_G_0001,1,12,0.0,0.0,0.0
56298_G_0001,1,13,0.0,0.0,0.0
56298_G_0001,1,14,0.0,0.0,0.0
56298_G_0001,1,15,0.0,0.0,0.0
56298_G_0001,1,16,0.0,0.0,0.0
56298_G_0001,1,17,0.0,0.0,0.0
56298_G_0001,1,18,0.0,0.0,0.0
56298_G_0001,1,19,0.0,0.0,0.0
56298_G_0001,1,20,0.0,0.0,0.0
56298_G_0001,1,21,0.0,0.0,0.0
56298_G_0001,1,22,0.0,0.0,0.0
56298_G_0001,1,23,0.0,0.0,0.0
56298_G_0001,1,24,0.0,0.0,0.0
56298_G_0001,1,25,0.0,0.0,0.0
56298_G_0002,1,1,0.0,0.0,0.0
56298_G_0002,1,2,0.0,0.0,0.0
56298_G_0002,1,3,0.0,0.0,0.0
56298_G_0002,1,4,0.0,0.0,0.0
56298_G_0002,1,5,0.0,0.0,0.0
56298_G_0002,1,6,0.0,0.0,0.0
56298_G_0002,1,7,0.0,0.0,0.0
56298_G_0002,1,8,0.0,0.0,0.0
56298_G_0002,1,9,0.0,0.0,0.0
56298_G_0002,1,10,0.0,0.0,0.0
56298_G_0002,1,11,0.0,0.0,0.0
56298_G_0002,1,12,0.0,0.0,0.0
56298_G_0002,1,13,0.0,0.0,0.0
56298_G_0002,1,14,0.0,0.0,0.0
56298_G_0002,1,15,0.0,0.0,0.0
56298_G_0002,1,16,0.0,0.0,0.0
56298_G_0002,1,17,0.0,0.0,0.0
56298_G_0002,1,18,0.0,0.0,0.0
56298_G_0002,1,19,0.0,0.0,0.0
56298_G_0002,1,20,0.0,0.0,0.0
56298_G_0002,1,21,0.0,0.0,0.0
56298_G_0002,1,22,0.0,0.0,0.0
56298_G_0002,1,23,0.0,0.0,0.0
56298_G_0002,1,24,0.0,0.0,0.0
56298_G_0002,1,25,0.0,0.0,0.0
56298_G_0003,1,1,0.0,0.0,0.0
56298_G_0003,1,2,0.0,0.0,0.0
56298_G_0003,1,3,0.0,0.0,0.0
56298_G_0003,1,4,0.0,0.0,0.0
56298_G_0003,1,5,0.0,0.0,0.0
56298_G_0003,1,6,0.0,0.0,0.0
56298_G_0003,1,7,0.0,0.0,0.0
56298_G_0003,1,8,0.0,0.0,0.0
56298_G_0003,1,9,0.0,0.0,0.0
56298_G_0003,1,10,0.0,0.0,0.0
56298_G_0003,1,11,0.0,0.0,0.0
56298_G_0003,1,12,0.0,0.0,0.0
56298_G_0003,1,13,0.0,0.0,0.0
56298_G_0003,1,14,0.0,0.0,0.0
56298_G_0003,1,15,0.0,0.0,0.0
56298_G_0003,1,16,0.0,0.0,0.0
56298_G_0003,1,17,0.0,0.0,0.0
56298_G_0003,1,18,0.0,0.0,0.0
56298_G_0003,1,19,0.0,0.0,0.0
56298_G_0003,1,20,0.0,0.0,0.0
56298_G_0003,1,21,0.0,0.0,0.0
56298_G_0003,1,22,0.0,0.0,0.0
56298_G_0003,1,23,0.0,0.0,0.0
56298_G_0003,1,24,0.0,0.0,0.0
56298_G_0003,1,25,0.0,0.0,0.0
56356_G_CT1,1,1,0.0,0.0,0.0
56356_G_CT1,1,2,0.0,0.0,0.0
56356_G_CT1,1,3,0.0,0.0,0.0
56356_G_CT1,1,4,0.0,0.0,0.0
56356_G_CT1,1,5,0.0,0.0,0.0
56356_G_CT1,1,6,0.0,0.0,0.0
56356_G_CT1,1,7,0.0,0.0,0.0
56356_G_CT1,1,8,0.0,0.0,0.0
56356_G_CT1,1,9,0.0,0.0,0.0
56356_G_CT1,1,10,0.0,0.0,0.0
56356_G_CT1,1,11,0.0,0.0,0.0
56356_G_CT1,1,12,0.0,0.0,0.0
56356_G_CT1,1,13,0.0,0.0,0.0
56356_G_CT1,1,14,0.0,0.0,0.0
56356_G_CT1,1,15,0.0,0.0,0.0
56356_G_CT1,1,16,0.0,0.0,0.0
56356_G_CT1,1,17,0.0,0.0,0.0
56356_G_CT1,1,18,0.0,0.0,0.0
56356_G_CT1,1,19,0.0,0.0,0.0
56356_G_CT1,1,20,0.0,0.0,0.0
56356_G_CT1,1,21,0.0,0.0,0.0
56356_G_CT1,1,22,0.0,0.0,0.0
56356_G_CT1,1,23,0.0,0.0,0.0
56356_G_CT1,1,24,0.0,0.0,0.0
56356_G_CT1,1,25,0.0,0.0,0.0
56356_G_ST1,1,1,0.0,0.0,0.0
56356_G_ST1,1,2,0.0,0.0,0.0
56356_G_ST1,1,3,0.0,0.0,0.0
56356_G_ST1,1,4,0.0,0.0,0.0
56356_G_ST1,1,5,0.0,0.0,0.0
56356_G_ST1,1,6,0.0,0.0,0.0
56356_G_ST1,1,7,0.0,0.0,0.0
56356_G_ST1,1,8,0.0,0.0,0.0
56356_G_ST1,1,9,0.0,0.0,0.0
56356_G_ST1,1,10,0.0,0.0,0.0
56356_G_ST1,1,11,0.0,0.0,0.0
56356_G_ST1,1,12,0.0,0.0,0.0
56356_G_ST1,1,13,0.0,0.0,0.0
56356_G_ST1,1,14,0.0,0.0,0.0
56356_G_ST1,1,15,0.0,0.0,0.0
56356_G_ST1,1,16,0.0,0.0,0.0
56356_G_ST1,1,17,0.0,0.0,0.0
56356_G_ST1,1,18,0.0,0.0,0.0
56356_G_ST1,1,19,0.0,0.0,0.0
56356_G_ST1,1,20,0.0,0.0,0.0
56356_G_ST1,1,21,0.0,0.0,0.0
56356_G_ST1,1,22,0.0,0.0,0.0
56356_G_ST1,1,23,0.0,0.0,0.0
56356_G_ST1,1,24,0.0,0.0,0.0
56356_G_ST1,1,25,0.0,0.0,0.0
56467_G_CTG1,1,1,74.0,0.0,0.0
56467_G_CTG1,1,2,74.0,0.0,0.0
56467_G_CTG1,1,3,74.0,0.0,0.0
56467_G_CTG1,1,4,74.0,0.0,0.0
56467_G_CTG1,1,5,132.83000000000004,0.0,0.0
56467_G_CTG1,1,6,74.0,0.0,0.0
56467_G_CTG1,1,7,109.16455230138246,0.0,0.0
56467_G_CTG1,1,8,74.0,0.0,0.0
56467_G_CTG1,1,9,74.0,0.0,0.0
56467_G_CTG1,1,10,74.0,0.0,0.0
56467_G_CTG1,1,11,74.0,0.0,0.0
56467_G_CTG1,1,12,74.0,0.0,0.0
56467_G_CTG1,1,13,74.0,0.0,0.0
56467_G_CTG1,1,14,74.0,0.0,0.0
56467_G_CTG1,1,15,74.0,0.0,0.0
56467_G_CTG1,1,16,132.8300000000001,0.0,0.0
56467_G_CTG1,1,17,95.003153173145,0.0,0.0
56467_G_CTG1,1,18,153.83315317314498,31.16684682685502,0.0
56467_G_CTG1,1,19,185.0,0.0,0.0
56467_G_CTG1,1,20,185.0,0.0,0.0
56467_G_CTG1,1,21,185.0,0.0,0.0
56467_G_CTG1,1,22,185.0,0.0,0.0
56467_G_CTG1,1,23,185.0,0.0,0.0
56467_G_CTG1,1,24,185.0,0.0,0.0
56467_G_CTG1,1,25,74.0,0.0,0.0
56467_G_CTG2,1,1,74.0,0.0,0.0
56467_G_CTG2,1,2,74.0,0.0,0.0
56467_G_CTG2,1,3,74.0,0.0,0.0
56467_G_CTG2,1,4,74.0,0.0,0.0
56467_G_CTG2,1,5,132.8300000000001,0.0,0.0
56467_G_CTG2,1,6,74.0,0.0,0.0
56467_G_CTG2,1,7,74.0,0.0,0.0
56467_G_CTG2,1,8,74.0,0.0,0.0
56467_G_CTG2,1,9,74.0,0.0,0.0
56467_G_CTG2,1,10,74.0,0.0,0.0
56467_G_CTG2,1,11,74.0,0.0,0.0
56467_G_CTG2,1,12,74.0,0.0,0.0
56467_G_CTG2,1,13,74.0,0.0,0.0
56467_G_CTG2,1,14,74.0,0.0,0.0
56467_G_CTG2,1,15,74.0,0.0,0.0
56467_G_CTG2,1,16,132.8300000000002,0.0,0.0
56467_G_CTG2,1,17,74.0,0.0,0.0
56467_G_CTG2,1,18,132.82999999999998,0.0,0.0
56467_G_CTG2,1,19,185.0,0.0,0.0
56467_G_CTG2,1,20,185.0,0.0,0.0
56467_G_CTG2,1,21,185.0,0.0,0.0
56467_G_CTG2,1,22,185.0,0.0,0.0
56467_G_CTG2,1,23,185.0,0.0,0.0
56467_G_CTG2,1,24,185.0,0.0,0.0
56467_G_CTG2,1,25,74.0,0.0,0.0
56467_G_STG1,1,1,98.0,0.0,0.0
56467_G_STG1,1,2,98.0,0.0,0.0
56467_G_STG1,1,3,98.0,0.0,0.0
56467_G_STG1,1,4,98.0,0.0,0.0
56467_G_STG1,1,5,175.91,0.0,0.0
56467_G_STG1,1,6,98.0,0.0,0.0
56467_G_STG1,1,7,98.0,0.0,0.0
56467_G_STG1,1,8,98.0,0.0,0.0
56467_G_STG1,1,9,98.0,0.0,0.0
56467_G_STG1,1,10,98.0,0.0,0.0
56467_G_STG1,1,11,98.0,0.0,0.0
56467_G_STG1,1,12,98.0,0.0,0.0
56467_G_STG1,1,13,98.0,0.0,0.0
56467_G_STG1,1,14,98.0,0.0,0.0
56467_G_STG1,1,15,98.0,0.0,0.0
56467_G_STG1,1,16,175.91,0.0,0.0
56467_G_STG1,1,17,98.0,0.0,0.0
56467_G_STG1,1,18,175.91,66.20374018664145,0.0
56467_G_STG1,1,19,245.0,0.0,0.0
56467_G_STG1,1,20,245.0,0.0,0.0
56467_G_STG1,1,21,245.0,0.0,0.0
56467_G_STG1,1,22,245.0,0.0,0.0
56467_G_STG1,1,23,245.0,0.0,0.0
56467_G_STG1,1,24,245.0,0.0,0.0
56467_G_STG1,1,25,98.0,0.0,0.0
56471_G_1,1,1,0.0,0.0,0.0
56471_G_1,1,2,0.0,0.0,0.0
56471_G_1,1,3,0.0,0.0,0.0
56471_G_1,1,4,0.0,0.0,0.0
56471_G_1,1,5,0.0,0.0,0.0
56471_G_1,1,6,0.0,0.0,0.0
56471_G_1,1,7,0.0,0.0,0.0
56471_G_1,1,8,0.0,0.0,0.0
56471_G_1,1,9,0.0,0.0,0.0
56471_G_1,1,10,0.0,0.0,0.0
56471_G_1,1,11,0.0,0.0,0.0
56471_G_1,1,12,0.0,0.0,0.0
56471_G_1,1,13,0.0,0.0,0.0
56471_G_1,1,14,0.0,0.0,0.0
56471_G_1,1,15,0.0,0.0,0.0
56471_G_1,1,16,0.0,0.0,0.0
56471_G_1,1,17,0.0,0.0,0.0
56471_G_1,1,18,0.0,0.0,0.0
56471_G_1,1,19,0.0,0.0,0.0
56471_G_1,1,20,0.0,0.0,0.0
56471_G_1,1,21,0.0,0.0,0.0
56471_G_1,1,22,0.0,0.0,0.0
56471_G_1,1,23,0.0,0.0,0.0
56471_G_1,1,24,0.0,0.0,0.0
56471_G_1,1,25,0.0,0.0,0.0
56476_G_A,1,1,70.8,0.0,0.0
56476_G_A,1,2,70.8,0.0,0.0
56476_G_A,1,3,70.8,0.0,0.0
56476_G_A,1,4,70.8,0.0,0.0
56476_G_A,1,5,127.08600000000004,0.0,0.0
56476_G_A,1,6,70.8,0.0,0.0
56476_G_A,1,7,70.8,0.0,0.0
56476_G_A,1,8,70.8,0.0,0.0
56476_G_A,1,9,70.8,0.0,0.0
56476_G_A,1,10,70.8,0.0,0.0
56476_G_A,1,11,70.8,0.0,0.0
56476_G_A,1,12,70.8,0.0,0.0
56476_G_A,1,13,70.8,0.0,0.0
56476_G_A,1,14,70.8,0.0,0.0
56476_G_A,1,15,70.8,0.0,0.0
56476_G_A,1,16,127.086,0.0,0.0
56476_G_A,1,17,70.8,0.0,0.0
56476_G_A,1,18,127.086,0.0,0.0
56476_G_A,1,19,177.0,0.0,0.0
56476_G_A,1,20,177.0,0.0,0.0
56476_G_A,1,21,177.0,0.0,0.0
56476_G_A,1,22,177.0,0.0,0.0
56476_G_A,1,23,177.0,0.0,0.0
56476_G_A,1,24,177.0,0.0,0.0
56476_G_A,1,25,70.8,0.0,0.0
56476_G_B,1,1,70.8,0.0,0.0
56476_G_B,1,2,70.8,0.0,0.0
56476_G_B,1,3,70.8,0.0,0.0
56476_G_B,1,4,70.8,0.0,0.0
56476_G_B,1,5,127.08600000000008,0.0,0.0
56476_G_B,1,6,70.8,0.0,0.0
56476_G_B,1,7,70.8,0.0,0.0
56476_G_B,1,8,70.8,0.0,0.0
56476_G_B,1,9,70.8,0.0,0.0
56476_G_B,1,10,70.8,0.0,0.0
56476_G_B,1,11,70.8,0.0,0.0
56476_G_B,1,12,70.8,0.0,0.0
56476_G_B,1,13,70.8,0.0,0.0
56476_G_B,1,14,70.8,0.0,0.0
56476_G_B,1,15,70.8,0.0,0.0
56476_G_B,1,16,127.086,0.0,0.0
56476_G_B,1,17,70.8,0.0,0.0
56476_G_B,1,18,121.72937910038331,0.0,0.0
56476_G_B,1,19,177.0,0.0,0.0
56476_G_B,1,20,177.0,0.0,0.0
56476_G_B,1,21,177.0,0.0,0.0
56476_G_B,1,22,177.0,0.0,0.0
56476_G_B,1,23,177.0,0.0,0.0
56476_G_B,1,24,177.0,0.0,0.0
56476_G_B,1,25,70.8,0.0,0.0
56476_G_C,1,1,83.76,0.0,0.0
56476_G_C,1,2,83.76,0.0,0.0
56476_G_C,1,3,83.76,0.0,0.0
56476_G_C,1,4,83.76,0.0,0.0
56476_G_C,1,5,150.34920000000017,0.0,0.0
56476_G_C,1,6,83.76,0.0,0.0
56476_G_C,1,7,83.76,0.0,0.0
56476_G_C,1,8,83.76,0.0,0.0
56476_G_C,1,9,83.76,0.0,0.0
56476_G_C,1,10,83.76,0.0,0.0
56476_G_C,1,11,83.76,0.0,0.0
56476_G_C,1,12,83.76,0.0,0.0
56476_G_C,1,13,83.76,0.0,0.0
56476_G_C,1,14,83.76,0.0,0.0
56476_G_C,1,15,83.76,0.0,0.0
56476_G_C,1,16,150.3492000000001,0.0,0.0
56476_G_C,1,17,83.76,0.0,0.0
56476_G_C,1,18,150.3492,0.0,0.0
56476_G_C,1,19,209.4,0.0,0.0
56476_G_C,1,20,209.4,0.0,0.0
56476_G_C,1,21,209.4,0.0,0.0
56476_G_C,1,22,209.4,0.0,0.0
56476_G_C,1,23,209.4,0.0,0.0
56476_G_C,1,24,209.4,0.0,0.0
56476_G_C,1,25,83.76,0.0,0.0
56532_G_A,1,1,66.8,0.0,0.0
56532_G_A,1,2,66.8,0.0,0.0
56532_G_A,1,3,66.8,0.0,0.0
56532_G_A,1,4,66.8,0.0,0.0
56532_G_A,1,5,119.90600000000002,0.0,0.0
56532_G_A,1,6,66.8,0.0,0.0
56532_G_A,1,7,66.8,0.0,0.0
56532_G_A,1,8,66.8,0.0,0.0
56532_G_A,1,9,66.8,0.0,0.0
56532_G_A,1,10,66.8,0.0,0.0
56532_G_A,1,11,66.8,0.0,0.0
56532_G_A,1,12,66.8,0.0,0.0
56532_G_A,1,13,66.8,0.0,0.0
56532_G_A,1,14,66.8,0.0,0.0
56532_G_A,1,15,66.8,0.0,0.0
56532_G_A,1,16,119.906,0.0,0.0
56532_G_A,1,17,66.8,0.0,0.0
56532_G_A,1,18,113.894,0.0,0.0
56532_G_A,1,19,167.0,0.0,0.0
56532_G_A,1,20,167.0,0.0,0.0
56532_G_A,1,21,167.0,0.0,0.0
56532_G_A,1,22,167.0,0.0,0.0
56532_G_A,1,23,167.0,0.0,0.0
56532_G_A,1,24,167.0,0.0,0.0
56532_G_A,1,25,66.8,0.0,0.0
56532_G_B,1,1,66.8,0.0,0.0
56532_G_B,1,2,66.8,0.0,0.0
56532_G_B,1,3,66.8,0.0,0.0
56532_G_B,1,4,66.8,0.0,0.0
56532_G_B,1,5,113.70548168340304,0.0,0.0
56532_G_B,1,6,66.8,0.0,0.0
56532_G_B,1,7,66.8,0.0,0.0
56532_G_B,1,8,66.8,0.0,0.0
56532_G_B,1,9,66.8,0.0,0.0
56532_G_B,1,10,66.8,0.0,0.0
56532_G_B,1,11,66.8,0.0,0.0
56532_G_B,1,12,66.8,0.0,0.0
56532_G_B,1,13,66.8,0.0,0.0
56532_G_B,1,14,66.8,0.0,0.0
56532_G_B,1,15,66.8,0.0,0.0
56532_G_B,1,16,119.906,0.0,0.0
56532_G_B,1,17,66.8,0.0,0.0
56532_G_B,1,18,113.894,0.0,0.0
56532_G_B,1,19,167.0,0.0,0.0
56532_G_B,1,20,167.0,0.0,0.0
56532_G_B,1,21,167.0,0.0,0.0
56532_G_B,1,22,167.0,0.0,0.0
56532_G_B,1,23,167.0,0.0,0.0
56532_G_B,1,24,167.0,0.0,0.0
56532_G_B,1,25,66.8,0.0,0.0
56532_G_C,1,1,122.4,0.0,0.0
56532_G_C,1,2,122.4,0.0,0.0
56532_G_C,1,3,122.4,0.0,0.0
56532_G_C,1,4,122.4,0.0,0.0
56532_G_C,1,5,122.4,0.0,0.0
56532_G_C,1,6,122.4,0.0,0.0
56532_G_C,1,7,122.4,0.0,0.0
56532_G_C,1,8,122.4,0.0,0.0
56532_G_C,1,9,122.4,0.0,0.0
56532_G_C,1,10,122.4,0.0,0.0
56532_G_C,1,11,122.4,0.0,0.0
56532_G_C,1,12,122.4,0.0,0.0
56532_G_C,1,13,122.4,0.0,0.0
56532_G_C,1,14,122.4,0.0,0.0
56532_G_C,1,15,122.4,0.0,0.0
56532_G_C,1,16,219.7080000000006,0.0,0.0
56532_G_C,1,17,122.4,0.0,0.0
56532_G_C,1,18,208.69199999999998,0.0,0.0
56532_G_C,1,19,306.0,0.0,0.0
56532_G_C,1,20,306.0,0.0,0.0
56532_G_C,1,21,306.0,0.0,0.0
56532_G_C,1,22,306.0,0.0,0.0
56532_G_C,1,23,306.0,0.0,0.0
56532_G_C,1,24,306.0,0.0,0.0
56532_G_C,1,25,122.4,0.0,0.0
56569_G_2,1,1,0.0,0.0,0.0
56569_G_2,1,2,0.0,0.0,0.0
56569_G_2,1,3,0.0,0.0,0.0
56569_G_2,1,4,0.0,0.0,0.0
56569_G_2,1,5,0.0,0.0,0.0
56569_G_2,1,6,0.0,0.0,0.0
56569_G_2,1,7,0.0,0.0,0.0
56569_G_2,1,8,0.0,0.0,0.0
56569_G_2,1,9,0.0,0.0,0.0
56569_G_2,1,10,0.0,0.0,0.0
56569_G_2,1,11,0.0,0.0,0.0
56569_G_2,1,12,0.0,0.0,0.0
56569_G_2,1,13,0.0,0.0,0.0
56569_G_2,1,14,0.0,0.0,0.0
56569_G_2,1,15,0.0,0.0,0.0
56569_G_2,1,16,0.0,0.0,0.0
56569_G_2,1,17,0.0,0.0,0.0
56569_G_2,1,18,0.0,0.0,0.0
56569_G_2,1,19,0.0,0.0,0.0
56569_G_2,1,20,0.0,0.0,0.0
56569_G_2,1,21,0.0,0.0,0.0
56569_G_2,1,22,0.0,0.0,0.0
56569_G_2,1,23,0.0,0.0,0.0
56569_G_2,1,24,0.0,0.0,0.0
56569_G_2,1,25,0.0,0.0,0.0
56803_G_1,1,1,0.0,0.0,0.0
56803_G_1,1,2,0.0,0.0,0.0
56803_G_1,1,3,0.0,0.0,0.0
56803_G_1,1,4,0.0,0.0,0.0
56803_G_1,1,5,0.0,0.0,0.0
56803_G_1,1,6,0.0,0.0,0.0
56803_G_1,1,7,0.0,0.0,0.0
56803_G_1,1,8,0.0,0.0,0.0
56803_G_1,1,9,0.0,0.0,0.0
56803_G_1,1,10,0.0,0.0,0.0
56803_G_1,1,11,0.0,0.0,0.0
56803_G_1,1,12,0.0,0.0,0.0
56803_G_1,1,13,0.0,0.0,0.0
56803_G_1,1,14,0.0,0.0,0.0
56803_G_1,1,15,0.0,0.0,0.0
56803_G_1,1,16,0.0,0.0,0.0
56803_G_1,1,17,0.0,0.0,0.0
56803_G_1,1,18,0.0,0.0,0.0
56803_G_1,1,19,0.0,0.0,0.0
56803_G_1,1,20,0.0,0.0,0.0
56803_G_1,1,21,0.0,0.0,0.0
56803_G_1,1,22,0.0,0.0,0.0
56803_G_1,1,23,0.0,0.0,0.0
56803_G_1,1,24,0.0,0.0,0.0
56803_G_1,1,25,0.0,0.0,0.0
56803_G_2,1,1,0.0,0.0,0.0
56803_G_2,1,2,0.0,0.0,0.0
56803_G_2,1,3,0.0,0.0,0.0
56803_G_2,1,4,0.0,0.0,0.0
56803_G_2,1,5,0.0,0.0,0.0
56803_G_2,1,6,0.0,0.0,0.0
56803_G_2,1,7,0.0,0.0,0.0
56803_G_2,1,8,0.0,0.0,0.0
56803_G_2,1,9,0.0,0.0,0.0
56803_G_2,1,10,0.0,0.0,0.0
56803_G_2,1,11,0.0,0.0,0.0
56803_G_2,1,12,0.0,0.0,0.0
56803_G_2,1,13,0.0,0.0,0.0
56803_G_2,1,14,0.0,0.0,0.0
56803_G_2,1,15,0.0,0.0,0.0
56803_G_2,1,16,0.0,0.0,0.0
56803_G_2,1,17,0.0,0.0,0.0
56803_G_2,1,18,0.0,0.0,0.0
56803_G_2,1,19,0.0,0.0,0.0
56803_G_2,1,20,0.0,0.0,0.0
56803_G_2,1,21,0.0,0.0,0.0
56803_G_2,1,22,0.0,0.0,0.0
56803_G_2,1,23,0.0,0.0,0.0
56803_G_2,1,24,0.0,0.0,0.0
56803_G_2,1,25,0.0,0.0,0.0
56803_G_3,1,1,0.0,0.0,0.0
56803_G_3,1,2,0.0,0.0,0.0
56803_G_3,1,3,0.0,0.0,0.0
56803_G_3,1,4,0.0,0.0,0.0
56803_G_3,1,5,0.0,0.0,0.0
56803_G_3,1,6,0.0,0.0,0.0
56803_G_3,1,7,0.0,0.0,0.0
56803_G_3,1,8,0.0,0.0,0.0
56803_G_3,1,9,0.0,0.0,0.0
56803_G_3,1,10,0.0,0.0,0.0
56803_G_3,1,11,0.0,0.0,0.0
56803_G_3,1,12,0.0,0.0,0.0
56803_G_3,1,13,0.0,0.0,0.0
56803_G_3,1,14,0.0,0.0,0.0
56803_G_3,1,15,0.0,0.0,0.0
56803_G_3,1,16,0.0,0.0,0.0
56803_G_3,1,17,0.0,0.0,0.0
56803_G_3,1,18,0.0,0.0,0.0
56803_G_3,1,19,0.0,0.0,0.0
56803_G_3,1,20,0.0,0.0,0.0
56803_G_3,1,21,0.0,0.0,0.0
56803_G_3,1,22,0.0,0.0,0.0
56803_G_3,1,23,0.0,0.0,0.0
56803_G_3,1,24,0.0,0.0,0.0
56803_G_3,1,25,0.0,0.0,0.0
56803_G_4,1,1,0.0,0.0,0.0
56803_G_4,1,2,0.0,0.0,0.0
56803_G_4,1,3,0.0,0.0,0.0
56803_G_4,1,4,0.0,0.0,0.0
56803_G_4,1,5,0.0,0.0,0.0
56803_G_4,1,6,0.0,0.0,0.0
56803_G_4,1,7,0.0,0.0,0.0
56803_G_4,1,8,0.0,0.0,0.0
56803_G_4,1,9,0.0,0.0,0.0
56803_G_4,1,10,0.0,0.0,0.0
56803_G_4,1,11,0.0,0.0,0.0
56803_G_4,1,12,0.0,0.0,0.0
56803_G_4,1,13,0.0,0.0,0.0
56803_G_4,1,14,0.0,0.0,0.0
56803_G_4,1,15,0.0,0.0,0.0
56803_G_4,1,16,0.0,0.0,0.0
56803_G_4,1,17,0.0,0.0,0.0
56803_G_4,1,18,0.0,0.0,0.0
56803_G_4,1,19,0.0,0.0,0.0
56803_G_4,1,20,0.0,0.0,0.0
56803_G_4,1,21,0.0,0.0,0.0
56803_G_4,1,22,0.0,0.0,0.0
56803_G_4,1,23,0.0,0.0,0.0
56803_G_4,1,24,0.0,0.0,0.0
56803_G_4,1,25,0.0,0.0,0.0
56832_G_GE1,1,1,16.0,0.0,0.0
56832_G_GE1,1,2,16.0,0.0,0.0
56832_G_GE1,1,3,16.0,0.0,0.0
56832_G_GE1,1,4,16.0,0.0,0.0
56832_G_GE1,1,5,16.0,0.0,0.0
56832_G_GE1,1,6,16.0,0.0,0.0
56832_G_GE1,1,7,16.0,0.0,0.0
56832_G_GE1,1,8,10.528,0.0,0.0
56832_G_GE1,1,9,6.4,0.0,0.0
56832_G_GE1,1,10,6.4,0.0,0.0
56832_G_GE1,1,11,6.4,0.0,0.0
56832_G_GE1,1,12,6.4,0.0,0.0
56832_G_GE1,1,13,10.527999999999999,0.0,0.0
56832_G_GE1,1,14,16.0,0.0,0.0
56832_G_GE1,1,15,16.0,0.0,0.0
56832_G_GE1,1,16,16.0,0.0,0.0
56832_G_GE1,1,17,16.0,0.0,0.0
56832_G_GE1,1,18,16.0,0.0,0.0
56832_G_GE1,1,19,16.0,0.0,0.0
56832_G_GE1,1,20,16.0,0.0,0.0
56832_G_GE1,1,21,16.0,0.0,0.0
56832_G_GE1,1,22,16.0,0.0,0.0
56832_G_GE1,1,23,16.0,0.0,0.0
56832_G_GE1,1,24,16.0,0.0,0.0
56832_G_GE1,1,25,16.0,0.0,0.0
56832_G_GE2,1,1,16.0,0.0,0.0
56832_G_GE2,1,2,16.0,0.0,0.0
56832_G_GE2,1,3,16.0,0.0,0.0
56832_G_GE2,1,4,16.0,0.0,0.0
56832_G_GE2,1,5,16.0,0.0,0.0
56832_G_GE2,1,6,16.0,0.0,0.0
56832_G_GE2,1,7,16.0,0.0,9.6
56832_G_GE2,1,8,10.527999999999965,5.472000000000054,4.127999999999973
56832_G_GE2,1,9,15.999999999846942,0.0,9.599999999846942
56832_G_GE2,1,10,16.0,0.0,9.6
56832_G_GE2,1,11,16.0,0.0,9.6
56832_G_GE2,1,12,15.999999999893873,0.0,9.599999999893873
56832_G_GE2,1,13,10.527999999999999,5.472000000000006,4.128000000000006
56832_G_GE2,1,14,16.0,0.0,9.6
56832_G_GE2,1,15,16.0,0.0,9.6
56832_G_GE2,1,16,16.0,0.0,9.6
56832_G_GE2,1,17,16.0,0.0,9.473965969867418
56832_G_GE2,1,18,16.0,0.0,3.5252681824125425
56832_G_GE2,1,19,16.0,0.0,9.6
56832_G_GE2,1,20,16.0,0.0,9.6
56832_G_GE2,1,21,16.0,0.0,8.336383957616913
56832_G_GE2,1,22,16.0,0.0,6.276862416065125
56832_G_GE2,1,23,16.0,0.0,9.6
56832_G_GE2,1,24,16.0,0.0,9.6
56832_G_GE2,1,25,16.0,0.0,0.0
56832_G_GE3,1,1,16.0,0.0,0.0
56832_G_GE3,1,2,16.0,0.0,0.0
56832_G_GE3,1,3,16.0,0.0,0.0
56832_G_GE3,1,4,16.0,0.0,0.0
56832_G_GE3,1,5,16.0,0.0,0.0
56832_G_GE3,1,6,16.0,0.0,0.0
56832_G_GE3,1,7,16.0,0.0,0.0
56832_G_GE3,1,8,10.528,5.4719999999999995,4.128
56832_G_GE3,1,9,7.059080763252664,8.940919236594292,0.6590807632526642
56832_G_GE3,1,10,6.4,9.6,0.0
56832_G_GE3,1,11,6.4,9.6,0.0
56832_G_GE3,1,12,6.4,9.6,0.0
56832_G_GE3,1,13,10.527999999999999,5.472000000000006,4.128000000000006
56832_G_GE3,1,14,16.0,0.0,0.0
56832_G_GE3,1,15,16.0,0.0,0.0
56832_G_GE3,1,16,16.0,0.0,0.0
56832_G_GE3,1,17,16.0,0.0,0.0
56832_G_GE3,1,18,16.0,0.0,0.0
56832_G_GE3,1,19,16.0,0.0,0.0
56832_G_GE3,1,20,16.0,0.0,0.0
56832_G_GE3,1,21,16.0,0.0,0.0
56832_G_GE3,1,22,16.0,0.0,0.0
56832_G_GE3,1,23,16.0,0.0,0.0
56832_G_GE3,1,24,16.0,0.0,0.0
56832_G_GE3,1,25,16.0,0.0,0.0
56832_G_GE4,1,1,16.0,0.0,0.0
56832_G_GE4,1,2,16.0,0.0,0.0
56832_G_GE4,1,3,16.0,0.0,0.0
56832_G_GE4,1,4,16.0,0.0,0.0
56832_G_GE4,1,5,16.0,0.0,0.0
56832_G_GE4,1,6,16.0,0.0,0.0
56832_G_GE4,1,7,16.0,0.0,0.0
56832_G_GE4,1,8,10.528,0.0,0.0
56832_G_GE4,1,9,6.4,0.0,0.0
56832_G_GE4,1,10,6.4,0.0,0.0
56832_G_GE4,1,11,6.4,0.0,0.0
56832_G_GE4,1,12,6.4,0.0,0.0
56832_G_GE4,1,13,10.527999999999999,0.0,0.0
56832_G_GE4,1,14,16.0,0.0,0.0
56832_G_GE4,1,15,16.0,0.0,0.0
56832_G_GE4,1,16,16.0,0.0,0.0
56832_G_GE4,1,17,16.0,0.0,0.0
56832_G_GE4,1,18,16.0,0.0,0.0
56832_G_GE4,1,19,16.0,0.0,0.0
56832_G_GE4,1,20,16.0,0.0,0.0
56832_G_GE4,1,21,16.0,0.0,0.0
56832_G_GE4,1,22,16.0,0.0,0.0
56832_G_GE4,1,23,16.0,0.0,0.0
56832_G_GE4,1,24,16.0,0.0,0.0
56832_G_GE4,1,25,16.0,0.0,0.0
57001_G_GEN1,1,1,0.0,0.0,0.0
57001_G_GEN1,1,2,0.0,0.0,0.0
57001_G_GEN1,1,3,0.0,0.0,0.0
57001_G_GEN1,1,4,0.0,0.0,0.0
57001_G_GEN1,1,5,0.0,0.0,0.0
57001_G_GEN1,1,6,0.0,0.0,0.0
57001_G_GEN1,1,7,0.0,0.0,0.0
57001_G_GEN1,1,8,0.0,0.0,0.0
57001_G_GEN1,1,9,0.0,0.0,0.0
57001_G_GEN1,1,10,0.0,0.0,0.0
57001_G_GEN1,1,11,0.0,0.0,0.0
57001_G_GEN1,1,12,0.0,0.0,0.0
57001_G_GEN1,1,13,0.0,0.0,0.0
57001_G_GEN1,1,14,0.0,0.0,0.0
57001_G_GEN1,1,15,0.0,0.0,0.0
57001_G_GEN1,1,16,0.0,0.0,0.0
57001_G_GEN1,1,17,0.0,0.0,0.0
57001_G_GEN1,1,18,0.0,0.0,0.0
57001_G_GEN1,1,19,0.0,0.0,0.0
57001_G_GEN1,1,20,0.0,0.0,0.0
57001_G_GEN1,1,21,0.0,0.0,0.0
57001_G_GEN1,1,22,0.0,0.0,0.0
57001_G_GEN1,1,23,0.0,0.0,0.0
57001_G_GEN1,1,24,0.0,0.0,0.0
57001_G_GEN1,1,25,0.0,0.0,0.0
57122_G_CTG1,1,1,0.0,0.0,0.0
57122_G_CTG1,1,2,0.0,0.0,0.0
57122_G_CTG1,1,3,0.0,0.0,0.0
57122_G_CTG1,1,4,0.0,0.0,0.0
57122_G_CTG1,1,5,0.0,0.0,0.0
57122_G_CTG1,1,6,0.0,0.0,0.0
57122_G_CTG1,1,7,0.0,0.0,0.0
57122_G_CTG1,1,8,0.0,0.0,0.0
57122_G_CTG1,1,9,0.0,0.0,0.0
57122_G_CTG1,1,10,0.0,0.0,0.0
57122_G_CTG1,1,11,0.0,0.0,0.0
57122_G_CTG1,1,12,0.0,0.0,0.0
57122_G_CTG1,1,13,0.0,0.0,0.0
57122_G_CTG1,1,14,0.0,0.0,0.0
57122_G_CTG1,1,15,0.0,0.0,0.0
57122_G_CTG1,1,16,0.0,0.0,0.0
57122_G_CTG1,1,17,0.0,0.0,0.0
57122_G_CTG1,1,18,0.0,0.0,0.0
57122_G_CTG1,1,19,0.0,0.0,0.0
57122_G_CTG1,1,20,0.0,0.0,0.0
57122_G_CTG1,1,21,0.0,0.0,0.0
57122_G_CTG1,1,22,0.0,0.0,0.0
57122_G_CTG1,1,23,0.0,0.0,0.0
57122_G_CTG1,1,24,0.0,0.0,0.0
57122_G_CTG1,1,25,0.0,0.0,0.0
57122_G_STG1,1,1,0.0,0.0,0.0
57122_G_STG1,1,2,0.0,0.0,0.0
57122_G_STG1,1,3,0.0,0.0,0.0
57122_G_STG1,1,4,0.0,0.0,0.0
57122_G_STG1,1,5,0.0,0.0,0.0
57122_G_STG1,1,6,0.0,0.0,0.0
57122_G_STG1,1,7,0.0,0.0,0.0
57122_G_STG1,1,8,0.0,0.0,0.0
57122_G_STG1,1,9,0.0,0.0,0.0
57122_G_STG1,1,10,0.0,0.0,0.0
57122_G_STG1,1,11,0.0,0.0,0.0
57122_G_STG1,1,12,0.0,0.0,0.0
57122_G_STG1,1,13,0.0,0.0,0.0
57122_G_STG1,1,14,0.0,0.0,0.0
57122_G_STG1,1,15,0.0,0.0,0.0
57122_G_STG1,1,16,0.0,0.0,0.0
57122_G_STG1,1,17,0.0,0.0,0.0
57122_G_STG1,1,18,0.0,0.0,0.0
57122_G_STG1,1,19,0.0,0.0,0.0
57122_G_STG1,1,20,0.0,0.0,0.0
57122_G_STG1,1,21,0.0,0.0,0.0
57122_G_STG1,1,22,0.0,0.0,0.0
57122_G_STG1,1,23,0.0,0.0,0.0
57122_G_STG1,1,24,0.0,0.0,0.0
57122_G_STG1,1,25,0.0,0.0,0.0
57267_G_1,1,1,0.0,0.0,0.0
57267_G_1,1,2,0.0,0.0,0.0
57267_G_1,1,3,0.0,0.0,0.0
57267_G_1,1,4,0.0,0.0,0.0
57267_G_1,1,5,0.0,0.0,0.0
57267_G_1,1,6,0.0,0.0,0.0
57267_G_1,1,7,0.0,0.0,0.0
57267_G_1,1,8,0.0,0.0,0.0
57267_G_1,1,9,0.0,0.0,0.0
57267_G_1,1,10,0.0,0.0,0.0
57267_G_1,1,11,0.0,0.0,0.0
57267_G_1,1,12,0.0,0.0,0.0
57267_G_1,1,13,0.0,0.0,0.0
57267_G_1,1,14,0.0,0.0,0.0
57267_G_1,1,15,0.0,0.0,0.0
57267_G_1,1,16,0.0,0.0,0.0
57267_G_1,1,17,0.0,0.0,0.0
57267_G_1,1,18,0.0,0.0,0.0
57267_G_1,1,19,0.0,0.0,0.0
57267_G_1,1,20,0.0,0.0,0.0
57267_G_1,1,21,0.0,0.0,0.0
57267_G_1,1,22,0.0,0.0,0.0
57267_G_1,1,23,0.0,0.0,0.0
57267_G_1,1,24,0.0,0.0,0.0
57267_G_1,1,25,0.0,0.0,0.0
57267_G_2,1,1,0.0,0.0,0.0
57267_G_2,1,2,0.0,0.0,0.0
57267_G_2,1,3,0.0,0.0,0.0
57267_G_2,1,4,0.0,0.0,0.0
57267_G_2,1,5,0.0,0.0,0.0
57267_G_2,1,6,0.0,0.0,0.0
57267_G_2,1,7,0.0,0.0,0.0
57267_G_2,1,8,0.0,0.0,0.0
57267_G_2,1,9,0.0,0.0,0.0
57267_G_2,1,10,0.0,0.0,0.0
57267_G_2,1,11,0.0,0.0,0.0
57267_G_2,1,12,0.0,0.0,0.0
57267_G_2,1,13,0.0,0.0,0.0
57267_G_2,1,14,0.0,0.0,0.0
57267_G_2,1,15,0.0,0.0,0.0
57267_G_2,1,16,0.0,0.0,0.0
57267_G_2,1,17,0.0,0.0,0.0
57267_G_2,1,18,0.0,0.0,0.0
57267_G_2,1,19,0.0,0.0,0.0
57267_G_2,1,20,0.0,0.0,0.0
57267_G_2,1,21,0.0,0.0,0.0
57267_G_2,1,22,0.0,0.0,0.0
57267_G_2,1,23,0.0,0.0,0.0
57267_G_2,1,24,0.0,0.0,0.0
57267_G_2,1,25,0.0,0.0,0.0
57267_G_3,1,1,0.0,0.0,0.0
57267_G_3,1,2,0.0,0.0,0.0
57267_G_3,1,3,0.0,0.0,0.0
57267_G_3,1,4,0.0,0.0,0.0
57267_G_3,1,5,0.0,0.0,0.0
57267_G_3,1,6,0.0,0.0,0.0
57267_G_3,1,7,0.0,0.0,0.0
57267_G_3,1,8,0.0,0.0,0.0
57267_G_3,1,9,0.0,0.0,0.0
57267_G_3,1,10,0.0,0.0,0.0
57267_G_3,1,11,0.0,0.0,0.0
57267_G_3,1,12,0.0,0.0,0.0
57267_G_3,1,13,0.0,0.0,0.0
57267_G_3,1,14,0.0,0.0,0.0
57267_G_3,1,15,0.0,0.0,0.0
57267_G_3,1,16,0.0,0.0,0.0
57267_G_3,1,17,0.0,0.0,0.0
57267_G_3,1,18,0.0,0.0,0.0
57267_G_3,1,19,0.0,0.0,0.0
57267_G_3,1,20,0.0,0.0,0.0
57267_G_3,1,21,0.0,0.0,0.0
57267_G_3,1,22,0.0,0.0,0.0
57267_G_3,1,23,0.0,0.0,0.0
57267_G_3,1,24,0.0,0.0,0.0
57267_G_3,1,25,0.0,0.0,0.0
57267_G_4,1,1,0.0,0.0,0.0
57267_G_4,1,2,0.0,0.0,0.0
57267_G_4,1,3,0.0,0.0,0.0
57267_G_4,1,4,0.0,0.0,0.0
57267_G_4,1,5,0.0,0.0,0.0
57267_G_4,1,6,0.0,0.0,0.0
57267_G_4,1,7,0.0,0.0,0.0
57267_G_4,1,8,0.0,0.0,0.0
57267_G_4,1,9,0.0,0.0,0.0
57267_G_4,1,10,0.0,0.0,0.0
57267_G_4,1,11,0.0,0.0,0.0
57267_G_4,1,12,0.0,0.0,0.0
57267_G_4,1,13,0.0,0.0,0.0
57267_G_4,1,14,0.0,0.0,0.0
57267_G_4,1,15,0.0,0.0,0.0
57267_G_4,1,16,0.0,0.0,0.0
57267_G_4,1,17,0.0,0.0,0.0
57267_G_4,1,18,0.0,0.0,0.0
57267_G_4,1,19,0.0,0.0,0.0
57267_G_4,1,20,0.0,0.0,0.0
57267_G_4,1,21,0.0,0.0,0.0
57267_G_4,1,22,0.0,0.0,0.0
57267_G_4,1,23,0.0,0.0,0.0
57267_G_4,1,24,0.0,0.0,0.0
57267_G_4,1,25,0.0,0.0,0.0
57475_G_HRP1,1,1,49.9,0.0,0.0
57475_G_HRP1,1,2,49.9,0.0,0.0
57475_G_HRP1,1,3,49.9,0.0,0.0
57475_G_HRP1,1,4,49.9,0.0,0.0
57475_G_HRP1,1,5,49.9,0.0,0.0
57475_G_HRP1,1,6,49.9,0.0,0.0
57475_G_HRP1,1,7,49.9,0.0,0.0
57475_G_HRP1,1,8,32.834199999999996,0.0,0.0
57475_G_HRP1,1,9,19.96,0.0,0.0
57475_G_HRP1,1,10,19.96,0.0,0.0
57475_G_HRP1,1,11,19.96,0.0,0.0
57475_G_HRP1,1,12,19.96,0.0,0.0
57475_G_HRP1,1,13,32.834199999999996,0.0,0.0
57475_G_HRP1,1,14,49.9,0.0,0.0
57475_G_HRP1,1,15,49.9,0.0,0.0
57475_G_HRP1,1,16,49.9,0.0,0.0
57475_G_HRP1,1,17,49.9,0.0,0.0
57475_G_HRP1,1,18,49.9,0.0,0.0
57475_G_HRP1,1,19,49.9,0.0,0.0
57475_G_HRP1,1,20,49.9,0.0,0.0
57475_G_HRP1,1,21,49.9,0.0,0.0
57475_G_HRP1,1,22,49.9,0.0,0.0
57475_G_HRP1,1,23,49.9,0.0,0.0
57475_G_HRP1,1,24,49.9,0.0,0.0
57475_G_HRP1,1,25,49.9,0.0,0.0
57482_G_CTG1,1,1,0.0,0.0,0.0
57482_G_CTG1,1,2,0.0,0.0,0.0
57482_G_CTG1,1,3,0.0,0.0,0.0
57482_G_CTG1,1,4,0.0,0.0,0.0
57482_G_CTG1,1,5,0.0,0.0,0.0
57482_G_CTG1,1,6,0.0,0.0,0.0
57482_G_CTG1,1,7,0.0,0.0,0.0
57482_G_CTG1,1,8,0.0,0.0,0.0
57482_G_CTG1,1,9,0.0,0.0,0.0
57482_G_CTG1,1,10,0.0,0.0,0.0
57482_G_CTG1,1,11,0.0,0.0,0.0
57482_G_CTG1,1,12,0.0,0.0,0.0
57482_G_CTG1,1,13,0.0,0.0,0.0
57482_G_CTG1,1,14,0.0,0.0,0.0
57482_G_CTG1,1,15,0.0,0.0,0.0
57482_G_CTG1,1,16,0.0,0.0,0.0
57482_G_CTG1,1,17,0.0,0.0,0.0
57482_G_CTG1,1,18,0.0,0.0,0.0
57482_G_CTG1,1,19,0.0,0.0,0.0
57482_G_CTG1,1,20,0.0,0.0,0.0
57482_G_CTG1,1,21,0.0,0.0,0.0
57482_G_CTG1,1,22,0.0,0.0,0.0
57482_G_CTG1,1,23,0.0,0.0,0.0
57482_G_CTG1,1,24,0.0,0.0,0.0
57482_G_CTG1,1,25,0.0,0.0,0.0
57482_G_CTG2,1,1,0.0,0.0,0.0
57482_G_CTG2,1,2,0.0,0.0,0.0
57482_G_CTG2,1,3,0.0,0.0,0.0
57482_G_CTG2,1,4,0.0,0.0,0.0
57482_G_CTG2,1,5,0.0,0.0,0.0
57482_G_CTG2,1,6,0.0,0.0,0.0
57482_G_CTG2,1,7,0.0,0.0,0.0
57482_G_CTG2,1,8,0.0,0.0,0.0
57482_G_CTG2,1,9,0.0,0.0,0.0
57482_G_CTG2,1,10,0.0,0.0,0.0
57482_G_CTG2,1,11,0.0,0.0,0.0
57482_G_CTG2,1,12,0.0,0.0,0.0
57482_G_CTG2,1,13,0.0,0.0,0.0
57482_G_CTG2,1,14,0.0,0.0,0.0
57482_G_CTG2,1,15,0.0,0.0,0.0
57482_G_CTG2,1,16,0.0,0.0,0.0
57482_G_CTG2,1,17,0.0,0.0,0.0
57482_G_CTG2,1,18,0.0,0.0,0.0
57482_G_CTG2,1,19,0.0,0.0,0.0
57482_G_CTG2,1,20,0.0,0.0,0.0
57482_G_CTG2,1,21,0.0,0.0,0.0
57482_G_CTG2,1,22,0.0,0.0,0.0
57482_G_CTG2,1,23,0.0,0.0,0.0
57482_G_CTG2,1,24,0.0,0.0,0.0
57482_G_CTG2,1,25,0.0,0.0,0.0
57482_G_CTG3,1,1,0.0,0.0,0.0
57482_G_CTG3,1,2,0.0,0.0,0.0
57482_G_CTG3,1,3,0.0,0.0,0.0
57482_G_CTG3,1,4,0.0,0.0,0.0
57482_G_CTG3,1,5,0.0,0.0,0.0
57482_G_CTG3,1,6,0.0,0.0,0.0
57482_G_CTG3,1,7,0.0,0.0,0.0
57482_G_CTG3,1,8,0.0,0.0,0.0
57482_G_CTG3,1,9,0.0,0.0,0.0
57482_G_CTG3,1,10,0.0,0.0,0.0
57482_G_CTG3,1,11,0.0,0.0,0.0
57482_G_CTG3,1,12,0.0,0.0,0.0
57482_G_CTG3,1,13,0.0,0.0,0.0
57482_G_CTG3,1,14,0.0,0.0,0.0
57482_G_CTG3,1,15,0.0,0.0,0.0
57482_G_CTG3,1,16,0.0,0.0,0.0
57482_G_CTG3,1,17,0.0,0.0,0.0
57482_G_CTG3,1,18,0.0,0.0,0.0
57482_G_CTG3,1,19,0.0,0.0,0.0
57482_G_CTG3,1,20,0.0,0.0,0.0
57482_G_CTG3,1,21,0.0,0.0,0.0
57482_G_CTG3,1,22,0.0,0.0,0.0
57482_G_CTG3,1,23,0.0,0.0,0.0
57482_G_CTG3,1,24,0.0,0.0,0.0
57482_G_CTG3,1,25,0.0,0.0,0.0
57482_G_CTG4,1,1,0.0,0.0,0.0
57482_G_CTG4,1,2,0.0,0.0,0.0
57482_G_CTG4,1,3,0.0,0.0,0.0
57482_G_CTG4,1,4,0.0,0.0,0.0
57482_G_CTG4,1,5,0.0,0.0,0.0
57482_G_CTG4,1,6,0.0,0.0,0.0
57482_G_CTG4,1,7,0.0,0.0,0.0
57482_G_CTG4,1,8,0.0,0.0,0.0
57482_G_CTG4,1,9,0.0,0.0,0.0
57482_G_CTG4,1,10,0.0,0.0,0.0
57482_G_CTG4,1,11,0.0,0.0,0.0
57482_G_CTG4,1,12,0.0,0.0,0.0
57482_G_CTG4,1,13,0.0,0.0,0.0
57482_G_CTG4,1,14,0.0,0.0,0.0
57482_G_CTG4,1,15,0.0,0.0,0.0
57482_G_CTG4,1,16,0.0,0.0,0.0
57482_G_CTG4,1,17,0.0,0.0,0.0
57482_G_CTG4,1,18,0.0,0.0,0.0
57482_G_CTG4,1,19,0.0,0.0,0.0
57482_G_CTG4,1,20,0.0,0.0,0.0
57482_G_CTG4,1,21,0.0,0.0,0.0
57482_G_CTG4,1,22,0.0,0.0,0.0
57482_G_CTG4,1,23,0.0,0.0,0.0
57482_G_CTG4,1,24,0.0,0.0,0.0
57482_G_CTG4,1,25,0.0,0.0,0.0
57482_G_CTG5,1,1,0.0,0.0,0.0
57482_G_CTG5,1,2,0.0,0.0,0.0
57482_G_CTG5,1,3,0.0,0.0,0.0
57482_G_CTG5,1,4,0.0,0.0,0.0
57482_G_CTG5,1,5,0.0,0.0,0.0
57482_G_CTG5,1,6,0.0,0.0,0.0
57482_G_CTG5,1,7,0.0,0.0,0.0
57482_G_CTG5,1,8,0.0,0.0,0.0
57482_G_CTG5,1,9,0.0,0.0,0.0
57482_G_CTG5,1,10,0.0,0.0,0.0
57482_G_CTG5,1,11,0.0,0.0,0.0
57482_G_CTG5,1,12,0.0,0.0,0.0
57482_G_CTG5,1,13,0.0,0.0,0.0
57482_G_CTG5,1,14,0.0,0.0,0.0
57482_G_CTG5,1,15,0.0,0.0,0.0
57482_G_CTG5,1,16,0.0,0.0,0.0
57482_G_CTG5,1,17,0.0,0.0,0.0
57482_G_CTG5,1,18,0.0,0.0,0.0
57482_G_CTG5,1,19,0.0,0.0,0.0
57482_G_CTG5,1,20,0.0,0.0,0.0
57482_G_CTG5,1,21,0.0,0.0,0.0
57482_G_CTG5,1,22,0.0,0.0,0.0
57482_G_CTG5,1,23,0.0,0.0,0.0
57482_G_CTG5,1,24,0.0,0.0,0.0
57482_G_CTG5,1,25,0.0,0.0,0.0
57482_G_CTG6,1,1,0.0,0.0,0.0
57482_G_CTG6,1,2,0.0,0.0,0.0
57482_G_CTG6,1,3,0.0,0.0,0.0
57482_G_CTG6,1,4,0.0,0.0,0.0
57482_G_CTG6,1,5,0.0,0.0,0.0
57482_G_CTG6,1,6,0.0,0.0,0.0
57482_G_CTG6,1,7,0.0,0.0,0.0
57482_G_CTG6,1,8,0.0,0.0,0.0
57482_G_CTG6,1,9,0.0,0.0,0.0
57482_G_CTG6,1,10,0.0,0.0,0.0
57482_G_CTG6,1,11,0.0,0.0,0.0
57482_G_CTG6,1,12,0.0,0.0,0.0
57482_G_CTG6,1,13,0.0,0.0,0.0
57482_G_CTG6,1,14,0.0,0.0,0.0
57482_G_CTG6,1,15,0.0,0.0,0.0
57482_G_CTG6,1,16,0.0,0.0,0.0
57482_G_CTG6,1,17,0.0,0.0,0.0
57482_G_CTG6,1,18,0.0,0.0,0.0
57482_G_CTG6,1,19,0.0,0.0,0.0
57482_G_CTG6,1,20,0.0,0.0,0.0
57482_G_CTG6,1,21,0.0,0.0,0.0
57482_G_CTG6,1,22,0.0,0.0,0.0
57482_G_CTG6,1,23,0.0,0.0,0.0
57482_G_CTG6,1,24,0.0,0.0,0.0
57482_G_CTG6,1,25,0.0,0.0,0.0
57482_G_CTG7,1,1,0.0,0.0,0.0
57482_G_CTG7,1,2,0.0,0.0,0.0
57482_G_CTG7,1,3,0.0,0.0,0.0
57482_G_CTG7,1,4,0.0,0.0,0.0
57482_G_CTG7,1,5,0.0,0.0,0.0
57482_G_CTG7,1,6,0.0,0.0,0.0
57482_G_CTG7,1,7,0.0,0.0,0.0
57482_G_CTG7,1,8,0.0,0.0,0.0
57482_G_CTG7,1,9,0.0,0.0,0.0
57482_G_CTG7,1,10,0.0,0.0,0.0
57482_G_CTG7,1,11,0.0,0.0,0.0
57482_G_CTG7,1,12,0.0,0.0,0.0
57482_G_CTG7,1,13,0.0,0.0,0.0
57482_G_CTG7,1,14,0.0,0.0,0.0
57482_G_CTG7,1,15,0.0,0.0,0.0
57482_G_CTG7,1,16,0.0,0.0,0.0
57482_G_CTG7,1,17,0.0,0.0,0.0
57482_G_CTG7,1,18,0.0,0.0,0.0
57482_G_CTG7,1,19,0.0,0.0,0.0
57482_G_CTG7,1,20,0.0,0.0,0.0
57482_G_CTG7,1,21,0.0,0.0,0.0
57482_G_CTG7,1,22,0.0,0.0,0.0
57482_G_CTG7,1,23,0.0,0.0,0.0
57482_G_CTG7,1,24,0.0,0.0,0.0
57482_G_CTG7,1,25,0.0,0.0,0.0
57482_G_CTG8,1,1,0.0,0.0,0.0
57482_G_CTG8,1,2,0.0,0.0,0.0
57482_G_CTG8,1,3,0.0,0.0,0.0
57482_G_CTG8,1,4,0.0,0.0,0.0
57482_G_CTG8,1,5,0.0,0.0,0.0
57482_G_CTG8,1,6,0.0,0.0,0.0
57482_G_CTG8,1,7,0.0,0.0,0.0
57482_G_CTG8,1,8,0.0,0.0,0.0
57482_G_CTG8,1,9,0.0,0.0,0.0
57482_G_CTG8,1,10,0.0,0.0,0.0
57482_G_CTG8,1,11,0.0,0.0,0.0
57482_G_CTG8,1,12,0.0,0.0,0.0
57482_G_CTG8,1,13,0.0,0.0,0.0
57482_G_CTG8,1,14,0.0,0.0,0.0
57482_G_CTG8,1,15,0.0,0.0,0.0
57482_G_CTG8,1,16,0.0,0.0,0.0
57482_G_CTG8,1,17,0.0,0.0,0.0
57482_G_CTG8,1,18,0.0,0.0,0.0
57482_G_CTG8,1,19,0.0,0.0,0.0
57482_G_CTG8,1,20,0.0,0.0,0.0
57482_G_CTG8,1,21,0.0,0.0,0.0
57482_G_CTG8,1,22,0.0,0.0,0.0
57482_G_CTG8,1,23,0.0,0.0,0.0
57482_G_CTG8,1,24,0.0,0.0,0.0
57482_G_CTG8,1,25,0.0,0.0,0.0
57483_G_CTG2,1,1,0.0,0.0,0.0
57483_G_CTG2,1,2,0.0,0.0,0.0
57483_G_CTG2,1,3,0.0,0.0,0.0
57483_G_CTG2,1,4,0.0,0.0,0.0
57483_G_CTG2,1,5,0.0,0.0,0.0
57483_G_CTG2,1,6,0.0,0.0,0.0
57483_G_CTG2,1,7,0.0,0.0,0.0
57483_G_CTG2,1,8,0.0,0.0,0.0
57483_G_CTG2,1,9,0.0,0.0,0.0
57483_G_CTG2,1,10,0.0,0.0,0.0
57483_G_CTG2,1,11,0.0,0.0,0.0
57483_G_CTG2,1,12,0.0,0.0,0.0
57483_G_CTG2,1,13,0.0,0.0,0.0
57483_G_CTG2,1,14,0.0,0.0,0.0
57483_G_CTG2,1,15,0.0,0.0,0.0
57483_G_CTG2,1,16,0.0,0.0,0.0
57483_G_CTG2,1,17,0.0,0.0,0.0
57483_G_CTG2,1,18,0.0,0.0,0.0
57483_G_CTG2,1,19,0.0,0.0,0.0
57483_G_CTG2,1,20,0.0,0.0,0.0
57483_G_CTG2,1,21,0.0,0.0,0.0
57483_G_CTG2,1,22,0.0,0.0,0.0
57483_G_CTG2,1,23,0.0,0.0,0.0
57483_G_CTG2,1,24,0.0,0.0,0.0
57483_G_CTG2,1,25,0.0,0.0,0.0
57515_G_GT1,1,1,0.0,0.0,0.0
57515_G_GT1,1,2,0.0,0.0,0.0
57515_G_GT1,1,3,0.0,0.0,0.0
57515_G_GT1,1,4,0.0,0.0,0.0
57515_G_GT1,1,5,0.0,0.0,0.0
57515_G_GT1,1,6,0.0,0.0,0.0
57515_G_GT1,1,7,0.0,0.0,0.0
57515_G_GT1,1,8,0.0,0.0,0.0
57515_G_GT1,1,9,0.0,0.0,0.0
57515_G_GT1,1,10,0.0,0.0,0.0
57515_G_GT1,1,11,0.0,0.0,0.0
57515_G_GT1,1,12,0.0,0.0,0.0
57515_G_GT1,1,13,0.0,0.0,0.0
57515_G_GT1,1,14,0.0,0.0,0.0
57515_G_GT1,1,15,0.0,0.0,0.0
57515_G_GT1,1,16,0.0,0.0,0.0
57515_G_GT1,1,17,0.0,0.0,0.0
57515_G_GT1,1,18,0.0,0.0,0.0
57515_G_GT1,1,19,0.0,0.0,0.0
57515_G_GT1,1,20,0.0,0.0,0.0
57515_G_GT1,1,21,0.0,0.0,0.0
57515_G_GT1,1,22,0.0,0.0,0.0
57515_G_GT1,1,23,0.0,0.0,0.0
57515_G_GT1,1,24,0.0,0.0,0.0
57515_G_GT1,1,25,0.0,0.0,0.0
57515_G_GT2,1,1,0.0,0.0,0.0
57515_G_GT2,1,2,0.0,0.0,0.0
57515_G_GT2,1,3,0.0,0.0,0.0
57515_G_GT2,1,4,0.0,0.0,0.0
57515_G_GT2,1,5,0.0,0.0,0.0
57515_G_GT2,1,6,0.0,0.0,0.0
57515_G_GT2,1,7,0.0,0.0,0.0
57515_G_GT2,1,8,0.0,0.0,0.0
57515_G_GT2,1,9,0.0,0.0,0.0
57515_G_GT2,1,10,0.0,0.0,0.0
57515_G_GT2,1,11,0.0,0.0,0.0
57515_G_GT2,1,12,0.0,0.0,0.0
57515_G_GT2,1,13,0.0,0.0,0.0
57515_G_GT2,1,14,0.0,0.0,0.0
57515_G_GT2,1,15,0.0,0.0,0.0
57515_G_GT2,1,16,0.0,0.0,0.0
57515_G_GT2,1,17,0.0,0.0,0.0
57515_G_GT2,1,18,0.0,0.0,0.0
57515_G_GT2,1,19,0.0,0.0,0.0
57515_G_GT2,1,20,0.0,0.0,0.0
57515_G_GT2,1,21,0.0,0.0,0.0
57515_G_GT2,1,22,0.0,0.0,0.0
57515_G_GT2,1,23,0.0,0.0,0.0
57515_G_GT2,1,24,0.0,0.0,0.0
57515_G_GT2,1,25,0.0,0.0,0.0
57515_G_GT3,1,1,0.0,0.0,0.0
57515_G_GT3,1,2,0.0,0.0,0.0
57515_G_GT3,1,3,0.0,0.0,0.0
57515_G_GT3,1,4,0.0,0.0,0.0
57515_G_GT3,1,5,0.0,0.0,0.0
57515_G_GT3,1,6,0.0,0.0,0.0
57515_G_GT3,1,7,0.0,0.0,0.0
57515_G_GT3,1,8,0.0,0.0,0.0
57515_G_GT3,1,9,0.0,0.0,0.0
57515_G_GT3,1,10,0.0,0.0,0.0
57515_G_GT3,1,11,0.0,0.0,0.0
57515_G_GT3,1,12,0.0,0.0,0.0
57515_G_GT3,1,13,0.0,0.0,0.0
57515_G_GT3,1,14,0.0,0.0,0.0
57515_G_GT3,1,15,0.0,0.0,0.0
57515_G_GT3,1,16,0.0,0.0,0.0
57515_G_GT3,1,17,0.0,0.0,0.0
57515_G_GT3,1,18,0.0,0.0,0.0
57515_G_GT3,1,19,0.0,0.0,0.0
57515_G_GT3,1,20,0.0,0.0,0.0
57515_G_GT3,1,21,0.0,0.0,0.0
57515_G_GT3,1,22,0.0,0.0,0.0
57515_G_GT3,1,23,0.0,0.0,0.0
57515_G_GT3,1,24,0.0,0.0,0.0
57515_G_GT3,1,25,0.0,0.0,0.0
57515_G_GT4,1,1,0.0,0.0,0.0
57515_G_GT4,1,2,0.0,0.0,0.0
57515_G_GT4,1,3,0.0,0.0,0.0
57515_G_GT4,1,4,0.0,0.0,0.0
57515_G_GT4,1,5,0.0,0.0,0.0
57515_G_GT4,1,6,0.0,0.0,0.0
57515_G_GT4,1,7,0.0,0.0,0.0
57515_G_GT4,1,8,0.0,0.0,0.0
57515_G_GT4,1,9,0.0,0.0,0.0
57515_G_GT4,1,10,0.0,0.0,0.0
57515_G_GT4,1,11,0.0,0.0,0.0
57515_G_GT4,1,12,0.0,0.0,0.0
57515_G_GT4,1,13,0.0,0.0,0.0
57515_G_GT4,1,14,0.0,0.0,0.0
57515_G_GT4,1,15,0.0,0.0,0.0
57515_G_GT4,1,16,0.0,0.0,0.0
57515_G_GT4,1,17,0.0,0.0,0.0
57515_G_GT4,1,18,0.0,0.0,0.0
57515_G_GT4,1,19,0.0,0.0,0.0
57515_G_GT4,1,20,0.0,0.0,0.0
57515_G_GT4,1,21,0.0,0.0,0.0
57515_G_GT4,1,22,0.0,0.0,0.0
57515_G_GT4,1,23,0.0,0.0,0.0
57515_G_GT4,1,24,0.0,0.0,0.0
57515_G_GT4,1,25,0.0,0.0,0.0
57515_G_GT5,1,1,0.0,0.0,0.0
57515_G_GT5,1,2,0.0,0.0,0.0
57515_G_GT5,1,3,0.0,0.0,0.0
57515_G_GT5,1,4,0.0,0.0,0.0
57515_G_GT5,1,5,0.0,0.0,0.0
57515_G_GT5,1,6,0.0,0.0,0.0
57515_G_GT5,1,7,0.0,0.0,0.0
57515_G_GT5,1,8,0.0,0.0,0.0
57515_G_GT5,1,9,0.0,0.0,0.0
57515_G_GT5,1,10,0.0,0.0,0.0
57515_G_GT5,1,11,0.0,0.0,0.0
57515_G_GT5,1,12,0.0,0.0,0.0
57515_G_GT5,1,13,0.0,0.0,0.0
57515_G_GT5,1,14,0.0,0.0,0.0
57515_G_GT5,1,15,0.0,0.0,0.0
57515_G_GT5,1,16,0.0,0.0,0.0
57515_G_GT5,1,17,0.0,0.0,0.0
57515_G_GT5,1,18,0.0,0.0,0.0
57515_G_GT5,1,19,0.0,0.0,0.0
57515_G_GT5,1,20,0.0,0.0,0.0
57515_G_GT5,1,21,0.0,0.0,0.0
57515_G_GT5,1,22,0.0,0.0,0.0
57515_G_GT5,1,23,0.0,0.0,0.0
57515_G_GT5,1,24,0.0,0.0,0.0
57515_G_GT5,1,25,0.0,0.0,0.0
57555_G_CTG1,1,1,0.0,0.0,0.0
57555_G_CTG1,1,2,0.0,0.0,0.0
57555_G_CTG1,1,3,0.0,0.0,0.0
57555_G_CTG1,1,4,0.0,0.0,0.0
57555_G_CTG1,1,5,0.0,0.0,0.0
57555_G_CTG1,1,6,0.0,0.0,0.0
57555_G_CTG1,1,7,0.0,0.0,0.0
57555_G_CTG1,1,8,0.0,0.0,0.0
57555_G_CTG1,1,9,0.0,0.0,0.0
57555_G_CTG1,1,10,0.0,0.0,0.0
57555_G_CTG1,1,11,0.0,0.0,0.0
57555_G_CTG1,1,12,0.0,0.0,0.0
57555_G_CTG1,1,13,0.0,0.0,0.0
57555_G_CTG1,1,14,0.0,0.0,0.0
57555_G_CTG1,1,15,0.0,0.0,0.0
57555_G_CTG1,1,16,0.0,0.0,0.0
57555_G_CTG1,1,17,0.0,0.0,0.0
57555_G_CTG1,1,18,0.0,0.0,0.0
57555_G_CTG1,1,19,0.0,0.0,0.0
57555_G_CTG1,1,20,0.0,0.0,0.0
57555_G_CTG1,1,21,0.0,0.0,0.0
57555_G_CTG1,1,22,0.0,0.0,0.0
57555_G_CTG1,1,23,0.0,0.0,0.0
57555_G_CTG1,1,24,0.0,0.0,0.0
57555_G_CTG1,1,25,0.0,0.0,0.0
57555_G_CTG2,1,1,0.0,0.0,0.0
57555_G_CTG2,1,2,0.0,0.0,0.0
57555_G_CTG2,1,3,0.0,0.0,0.0
57555_G_CTG2,1,4,0.0,0.0,0.0
57555_G_CTG2,1,5,0.0,0.0,0.0
57555_G_CTG2,1,6,0.0,0.0,0.0
57555_G_CTG2,1,7,0.0,0.0,0.0
57555_G_CTG2,1,8,0.0,0.0,0.0
57555_G_CTG2,1,9,0.0,0.0,0.0
57555_G_CTG2,1,10,0.0,0.0,0.0
57555_G_CTG2,1,11,0.0,0.0,0.0
57555_G_CTG2,1,12,0.0,0.0,0.0
57555_G_CTG2,1,13,0.0,0.0,0.0
57555_G_CTG2,1,14,0.0,0.0,0.0
57555_G_CTG2,1,15,0.0,0.0,0.0
57555_G_CTG2,1,16,0.0,0.0,0.0
57555_G_CTG2,1,17,0.0,0.0,0.0
57555_G_CTG2,1,18,0.0,0.0,0.0
57555_G_CTG2,1,19,0.0,0.0,0.0
57555_G_CTG2,1,20,0.0,0.0,0.0
57555_G_CTG2,1,21,0.0,0.0,0.0
57555_G_CTG2,1,22,0.0,0.0,0.0
57555_G_CTG2,1,23,0.0,0.0,0.0
57555_G_CTG2,1,24,0.0,0.0,0.0
57555_G_CTG2,1,25,0.0,0.0,0.0
57555_G_CTG3,1,1,0.0,0.0,0.0
57555_G_CTG3,1,2,0.0,0.0,0.0
57555_G_CTG3,1,3,0.0,0.0,0.0
57555_G_CTG3,1,4,0.0,0.0,0.0
57555_G_CTG3,1,5,0.0,0.0,0.0
57555_G_CTG3,1,6,0.0,0.0,0.0
57555_G_CTG3,1,7,0.0,0.0,0.0
57555_G_CTG3,1,8,0.0,0.0,0.0
57555_G_CTG3,1,9,0.0,0.0,0.0
57555_G_CTG3,1,10,0.0,0.0,0.0
57555_G_CTG3,1,11,0.0,0.0,0.0
57555_G_CTG3,1,12,0.0,0.0,0.0
57555_G_CTG3,1,13,0.0,0.0,0.0
57555_G_CTG3,1,14,0.0,0.0,0.0
57555_G_CTG3,1,15,0.0,0.0,0.0
57555_G_CTG3,1,16,0.0,0.0,0.0
57555_G_CTG3,1,17,0.0,0.0,0.0
57555_G_CTG3,1,18,0.0,0.0,0.0
57555_G_CTG3,1,19,0.0,0.0,0.0
57555_G_CTG3,1,20,0.0,0.0,0.0
57555_G_CTG3,1,21,0.0,0.0,0.0
57555_G_CTG3,1,22,0.0,0.0,0.0
57555_G_CTG3,1,23,0.0,0.0,0.0
57555_G_CTG3,1,24,0.0,0.0,0.0
57555_G_CTG3,1,25,0.0,0.0,0.0
57564_G_CTG,1,1,0.0,0.0,0.0
57564_G_CTG,1,2,0.0,0.0,0.0
57564_G_CTG,1,3,0.0,0.0,0.0
57564_G_CTG,1,4,0.0,0.0,0.0
57564_G_CTG,1,5,0.0,0.0,0.0
57564_G_CTG,1,6,0.0,0.0,0.0
57564_G_CTG,1,7,0.0,0.0,0.0
57564_G_CTG,1,8,0.0,0.0,0.0
57564_G_CTG,1,9,0.0,0.0,0.0
57564_G_CTG,1,10,0.0,0.0,0.0
57564_G_CTG,1,11,0.0,0.0,0.0
57564_G_CTG,1,12,0.0,0.0,0.0
57564_G_CTG,1,13,0.0,0.0,0.0
57564_G_CTG,1,14,0.0,0.0,0.0
57564_G_CTG,1,15,0.0,0.0,0.0
57564_G_CTG,1,16,0.0,0.0,0.0
57564_G_CTG,1,17,0.0,0.0,0.0
57564_G_CTG,1,18,0.0,0.0,0.0
57564_G_CTG,1,19,0.0,0.0,0.0
57564_G_CTG,1,20,0.0,0.0,0.0
57564_G_CTG,1,21,0.0,0.0,0.0
57564_G_CTG,1,22,0.0,0.0,0.0
57564_G_CTG,1,23,0.0,0.0,0.0
57564_G_CTG,1,24,0.0,0.0,0.0
57564_G_CTG,1,25,0.0,0.0,0.0
57564_G_STG2,1,1,0.0,0.0,0.0
57564_G_STG2,1,2,0.0,0.0,0.0
57564_G_STG2,1,3,0.0,0.0,0.0
57564_G_STG2,1,4,0.0,0.0,0.0
57564_G_STG2,1,5,0.0,0.0,0.0
57564_G_STG2,1,6,0.0,0.0,0.0
57564_G_STG2,1,7,0.0,0.0,0.0
57564_G_STG2,1,8,0.0,0.0,0.0
57564_G_STG2,1,9,0.0,0.0,0.0
57564_G_STG2,1,10,0.0,0.0,0.0
57564_G_STG2,1,11,0.0,0.0,0.0
57564_G_STG2,1,12,0.0,0.0,0.0
57564_G_STG2,1,13,0.0,0.0,0.0
57564_G_STG2,1,14,0.0,0.0,0.0
57564_G_STG2,1,15,0.0,0.0,0.0
57564_G_STG2,1,16,0.0,0.0,0.0
57564_G_STG2,1,17,0.0,0.0,0.0
57564_G_STG2,1,18,0.0,0.0,0.0
57564_G_STG2,1,19,0.0,0.0,0.0
57564_G_STG2,1,20,0.0,0.0,0.0
57564_G_STG2,1,21,0.0,0.0,0.0
57564_G_STG2,1,22,0.0,0.0,0.0
57564_G_STG2,1,23,0.0,0.0,0.0
57564_G_STG2,1,24,0.0,0.0,0.0
57564_G_STG2,1,25,0.0,0.0,0.0
57584_G_NT2,1,1,0.0,0.0,0.0
57584_G_NT2,1,2,0.0,0.0,0.0
57584_G_NT2,1,3,0.0,0.0,0.0
57584_G_NT2,1,4,0.0,0.0,0.0
57584_G_NT2,1,5,0.0,0.0,0.0
57584_G_NT2,1,6,0.0,0.0,0.0
57584_G_NT2,1,7,0.0,0.0,0.0
57584_G_NT2,1,8,0.0,0.0,0.0
57584_G_NT2,1,9,0.0,0.0,0.0
57584_G_NT2,1,10,0.0,0.0,0.0
57584_G_NT2,1,11,0.0,0.0,0.0
57584_G_NT2,1,12,0.0,0.0,0.0
57584_G_NT2,1,13,0.0,0.0,0.0
57584_G_NT2,1,14,0.0,0.0,0.0
57584_G_NT2,1,15,0.0,0.0,0.0
57584_G_NT2,1,16,0.0,0.0,0.0
57584_G_NT2,1,17,0.0,0.0,0.0
57584_G_NT2,1,18,0.0,0.0,0.0
57584_G_NT2,1,19,0.0,0.0,0.0
57584_G_NT2,1,20,0.0,0.0,0.0
57584_G_NT2,1,21,0.0,0.0,0.0
57584_G_NT2,1,22,0.0,0.0,0.0
57584_G_NT2,1,23,0.0,0.0,0.0
57584_G_NT2,1,24,0.0,0.0,0.0
57584_G_NT2,1,25,0.0,0.0,0.0
57584_G_ST1,1,1,0.0,0.0,0.0
57584_G_ST1,1,2,0.0,0.0,0.0
57584_G_ST1,1,3,0.0,0.0,0.0
57584_G_ST1,1,4,0.0,0.0,0.0
57584_G_ST1,1,5,0.0,0.0,0.0
57584_G_ST1,1,6,0.0,0.0,0.0
57584_G_ST1,1,7,0.0,0.0,0.0
57584_G_ST1,1,8,0.0,0.0,0.0
57584_G_ST1,1,9,0.0,0.0,0.0
57584_G_ST1,1,10,0.0,0.0,0.0
57584_G_ST1,1,11,0.0,0.0,0.0
57584_G_ST1,1,12,0.0,0.0,0.0
57584_G_ST1,1,13,0.0,0.0,0.0
57584_G_ST1,1,14,0.0,0.0,0.0
57584_G_ST1,1,15,0.0,0.0,0.0
57584_G_ST1,1,16,0.0,0.0,0.0
57584_G_ST1,1,17,0.0,0.0,0.0
57584_G_ST1,1,18,0.0,0.0,0.0
57584_G_ST1,1,19,0.0,0.0,0.0
57584_G_ST1,1,20,0.0,0.0,0.0
57584_G_ST1,1,21,0.0,0.0,0.0
57584_G_ST1,1,22,0.0,0.0,0.0
57584_G_ST1,1,23,0.0,0.0,0.0
57584_G_ST1,1,24,0.0,0.0,0.0
57584_G_ST1,1,25,0.0,0.0,0.0
57584_G_STG,1,1,0.0,0.0,0.0
57584_G_STG,1,2,0.0,0.0,0.0
57584_G_STG,1,3,0.0,0.0,0.0
57584_G_STG,1,4,0.0,0.0,0.0
57584_G_STG,1,5,0.0,0.0,0.0
57584_G_STG,1,6,0.0,0.0,0.0
57584_G_STG,1,7,0.0,0.0,0.0
57584_G_STG,1,8,0.0,0.0,0.0
57584_G_STG,1,9,0.0,0.0,0.0
57584_G_STG,1,10,0.0,0.0,0.0
57584_G_STG,1,11,0.0,0.0,0.0
57584_G_STG,1,12,0.0,0.0,0.0
57584_G_STG,1,13,0.0,0.0,0.0
57584_G_STG,1,14,0.0,0.0,0.0
57584_G_STG,1,15,0.0,0.0,0.0
57584_G_STG,1,16,0.0,0.0,0.0
57584_G_STG,1,17,0.0,0.0,0.0
57584_G_STG,1,18,0.0,0.0,0.0
57584_G_STG,1,19,0.0,0.0,0.0
57584_G_STG,1,20,0.0,0.0,0.0
57584_G_STG,1,21,0.0,0.0,0.0
57584_G_STG,1,22,0.0,0.0,0.0
57584_G_STG,1,23,0.0,0.0,0.0
57584_G_STG,1,24,0.0,0.0,0.0
57584_G_STG,1,25,0.0,0.0,0.0
57585_G_1,1,1,0.0,0.0,0.0
57585_G_1,1,2,0.0,0.0,0.0
57585_G_1,1,3,0.0,0.0,0.0
57585_G_1,1,4,0.0,0.0,0.0
57585_G_1,1,5,0.0,0.0,0.0
57585_G_1,1,6,0.0,0.0,0.0
57585_G_1,1,7,0.0,0.0,0.0
57585_G_1,1,8,0.0,0.0,0.0
57585_G_1,1,9,0.0,0.0,0.0
57585_G_1,1,10,0.0,0.0,0.0
57585_G_1,1,11,0.0,0.0,0.0
57585_G_1,1,12,0.0,0.0,0.0
57585_G_1,1,13,0.0,0.0,0.0
57585_G_1,1,14,0.0,0.0,0.0
57585_G_1,1,15,0.0,0.0,0.0
57585_G_1,1,16,0.0,0.0,0.0
57585_G_1,1,17,0.0,0.0,0.0
57585_G_1,1,18,0.0,0.0,0.0
57585_G_1,1,19,0.0,0.0,0.0
57585_G_1,1,20,0.0,0.0,0.0
57585_G_1,1,21,0.0,0.0,0.0
57585_G_1,1,22,0.0,0.0,0.0
57585_G_1,1,23,0.0,0.0,0.0
57585_G_1,1,24,0.0,0.0,0.0
57585_G_1,1,25,0.0,0.0,0.0
57696_G_1,1,1,11.0,0.0,0.0
57696_G_1,1,2,11.0,0.0,0.0
57696_G_1,1,3,11.0,0.0,0.0
57696_G_1,1,4,11.0,0.0,0.0
57696_G_1,1,5,11.0,0.0,0.0
57696_G_1,1,6,11.0,0.0,0.0
57696_G_1,1,7,11.0,0.0,0.0
57696_G_1,1,8,4.4,0.0,0.0
57696_G_1,1,9,4.4,0.0,0.0
57696_G_1,1,10,4.4,0.0,0.0
57696_G_1,1,11,4.4,0.0,0.0
57696_G_1,1,12,4.4,0.0,0.0
57696_G_1,1,13,4.4,0.0,0.0
57696_G_1,1,14,4.4,0.0,0.0
57696_G_1,1,15,11.0,0.0,0.0
57696_G_1,1,16,11.0,0.0,0.0
57696_G_1,1,17,11.0,0.0,0.0
57696_G_1,1,18,11.0,0.0,0.0
57696_G_1,1,19,11.0,0.0,0.0
57696_G_1,1,20,11.0,0.0,0.0
57696_G_1,1,21,11.0,0.0,0.0
57696_G_1,1,22,11.0,0.0,0.0
57696_G_1,1,23,11.0,0.0,0.0
57696_G_1,1,24,11.0,0.0,0.0
57696_G_1,1,25,11.0,0.0,0.0
57901_G_5,1,1,0.0,0.0,0.0
57901_G_5,1,2,0.0,0.0,0.0
57901_G_5,1,3,0.0,0.0,0.0
57901_G_5,1,4,0.0,0.0,0.0
57901_G_5,1,5,0.0,0.0,0.0
57901_G_5,1,6,0.0,0.0,0.0
57901_G_5,1,7,0.0,0.0,0.0
57901_G_5,1,8,0.0,0.0,0.0
57901_G_5,1,9,0.0,0.0,0.0
57901_G_5,1,10,0.0,0.0,0.0
57901_G_5,1,11,0.0,0.0,0.0
57901_G_5,1,12,0.0,0.0,0.0
57901_G_5,1,13,0.0,0.0,0.0
57901_G_5,1,14,0.0,0.0,0.0
57901_G_5,1,15,0.0,0.0,0.0
57901_G_5,1,16,0.0,0.0,0.0
57901_G_5,1,17,0.0,0.0,0.0
57901_G_5,1,18,0.0,0.0,0.0
57901_G_5,1,19,0.0,0.0,0.0
57901_G_5,1,20,0.0,0.0,0.0
57901_G_5,1,21,0.0,0.0,0.0
57901_G_5,1,22,0.0,0.0,0.0
57901_G_5,1,23,0.0,0.0,0.0
57901_G_5,1,24,0.0,0.0,0.0
57901_G_5,1,25,0.0,0.0,0.0
57901_G_6,1,1,0.0,0.0,0.0
57901_G_6,1,2,0.0,0.0,0.0
57901_G_6,1,3,0.0,0.0,0.0
57901_G_6,1,4,0.0,0.0,0.0
57901_G_6,1,5,0.0,0.0,0.0
57901_G_6,1,6,0.0,0.0,0.0
57901_G_6,1,7,0.0,0.0,0.0
57901_G_6,1,8,0.0,0.0,0.0
57901_G_6,1,9,0.0,0.0,0.0
57901_G_6,1,10,0.0,0.0,0.0
57901_G_6,1,11,0.0,0.0,0.0
57901_G_6,1,12,0.0,0.0,0.0
57901_G_6,1,13,0.0,0.0,0.0
57901_G_6,1,14,0.0,0.0,0.0
57901_G_6,1,15,0.0,0.0,0.0
57901_G_6,1,16,0.0,0.0,0.0
57901_G_6,1,17,0.0,0.0,0.0
57901_G_6,1,18,0.0,0.0,0.0
57901_G_6,1,19,0.0,0.0,0.0
57901_G_6,1,20,0.0,0.0,0.0
57901_G_6,1,21,0.0,0.0,0.0
57901_G_6,1,22,0.0,0.0,0.0
57901_G_6,1,23,0.0,0.0,0.0
57901_G_6,1,24,0.0,0.0,0.0
57901_G_6,1,25,0.0,0.0,0.0
57901_G_7,1,1,0.0,0.0,0.0
57901_G_7,1,2,0.0,0.0,0.0
57901_G_7,1,3,0.0,0.0,0.0
57901_G_7,1,4,0.0,0.0,0.0
57901_G_7,1,5,0.0,0.0,0.0
57901_G_7,1,6,0.0,0.0,0.0
57901_G_7,1,7,0.0,0.0,0.0
57901_G_7,1,8,0.0,0.0,0.0
57901_G_7,1,9,0.0,0.0,0.0
57901_G_7,1,10,0.0,0.0,0.0
57901_G_7,1,11,0.0,0.0,0.0
57901_G_7,1,12,0.0,0.0,0.0
57901_G_7,1,13,0.0,0.0,0.0
57901_G_7,1,14,0.0,0.0,0.0
57901_G_7,1,15,0.0,0.0,0.0
57901_G_7,1,16,0.0,0.0,0.0
57901_G_7,1,17,0.0,0.0,0.0
57901_G_7,1,18,0.0,0.0,0.0
57901_G_7,1,19,0.0,0.0,0.0
57901_G_7,1,20,0.0,0.0,0.0
57901_G_7,1,21,0.0,0.0,0.0
57901_G_7,1,22,0.0,0.0,0.0
57901_G_7,1,23,0.0,0.0,0.0
57901_G_7,1,24,0.0,0.0,0.0
57901_G_7,1,25,0.0,0.0,0.0
57901_G_8,1,1,0.0,0.0,0.0
57901_G_8,1,2,0.0,0.0,0.0
57901_G_8,1,3,0.0,0.0,0.0
57901_G_8,1,4,0.0,0.0,0.0
57901_G_8,1,5,0.0,0.0,0.0
57901_G_8,1,6,0.0,0.0,0.0
57901_G_8,1,7,0.0,0.0,0.0
57901_G_8,1,8,0.0,0.0,0.0
57901_G_8,1,9,0.0,0.0,0.0
57901_G_8,1,10,0.0,0.0,0.0
57901_G_8,1,11,0.0,0.0,0.0
57901_G_8,1,12,0.0,0.0,0.0
57901_G_8,1,13,0.0,0.0,0.0
57901_G_8,1,14,0.0,0.0,0.0
57901_G_8,1,15,0.0,0.0,0.0
57901_G_8,1,16,0.0,0.0,0.0
57901_G_8,1,17,0.0,0.0,0.0
57901_G_8,1,18,0.0,0.0,0.0
57901_G_8,1,19,0.0,0.0,0.0
57901_G_8,1,20,0.0,0.0,0.0
57901_G_8,1,21,0.0,0.0,0.0
57901_G_8,1,22,0.0,0.0,0.0
57901_G_8,1,23,0.0,0.0,0.0
57901_G_8,1,24,0.0,0.0,0.0
57901_G_8,1,25,0.0,0.0,0.0
57978_G_CT1,1,1,64.8,0.0,0.0
57978_G_CT1,1,2,64.8,0.0,0.0
57978_G_CT1,1,3,64.8,0.0,0.0
57978_G_CT1,1,4,116.31599999999767,0.0,0.0
57978_G_CT1,1,5,162.0,0.0,0.0
57978_G_CT1,1,6,110.484,0.0,0.0
57978_G_CT1,1,7,116.316,0.0,0.0
57978_G_CT1,1,8,64.8,0.0,0.0
57978_G_CT1,1,9,64.8,0.0,0.0
57978_G_CT1,1,10,64.8,0.0,0.0
57978_G_CT1,1,11,64.8,0.0,0.0
57978_G_CT1,1,12,64.8,0.0,0.0
57978_G_CT1,1,13,64.8,0.0,0.0
57978_G_CT1,1,14,64.8,0.0,0.0
57978_G_CT1,1,15,64.8,0.0,0.0
57978_G_CT1,1,16,116.316,0.0,0.0
57978_G_CT1,1,17,162.0,0.0,0.0
57978_G_CT1,1,18,162.0,0.0,0.0
57978_G_CT1,1,19,162.0,0.0,0.0
57978_G_CT1,1,20,162.0,0.0,0.0
57978_G_CT1,1,21,162.0,0.0,0.0
57978_G_CT1,1,22,162.0,0.0,0.0
57978_G_CT1,1,23,162.0,0.0,0.0
57978_G_CT1,1,24,162.0,0.0,0.0
57978_G_CT1,1,25,162.0,0.0,0.0
57978_G_ST1,1,1,38.0,0.0,0.0
57978_G_ST1,1,2,38.0,0.0,0.0
57978_G_ST1,1,3,38.0,0.0,0.0
57978_G_ST1,1,4,74.49068374806717,0.0,0.0
57978_G_ST1,1,5,95.0,0.0,0.0
57978_G_ST1,1,6,38.0,0.0,0.0
57978_G_ST1,1,7,95.0,0.0,0.0
57978_G_ST1,1,8,38.0,0.0,0.0
57978_G_ST1,1,9,38.0,0.0,0.0
57978_G_ST1,1,10,38.0,0.0,0.0
57978_G_ST1,1,11,38.0,0.0,0.0
57978_G_ST1,1,12,38.0,0.0,0.0
57978_G_ST1,1,13,38.0,0.0,0.0
57978_G_ST1,1,14,38.0,0.0,0.0
57978_G_ST1,1,15,38.0,0.0,0.0
57978_G_ST1,1,16,95.0,0.0,0.0
57978_G_ST1,1,17,95.0,0.0,0.0
57978_G_ST1,1,18,95.0,0.0,0.0
57978_G_ST1,1,19,95.0,0.0,0.0
57978_G_ST1,1,20,95.0,0.0,0.0
57978_G_ST1,1,21,95.0,0.0,0.0
57978_G_ST1,1,22,95.0,0.0,0.0
57978_G_ST1,1,23,95.0,0.0,0.0
57978_G_ST1,1,24,95.0,0.0,0.0
57978_G_ST1,1,25,95.0,0.0,0.0
58198_G_GTG1,1,1,0.0,0.0,0.0
58198_G_GTG1,1,2,0.0,0.0,0.0
58198_G_GTG1,1,3,0.0,0.0,0.0
58198_G_GTG1,1,4,0.0,0.0,0.0
58198_G_GTG1,1,5,0.0,0.0,0.0
58198_G_GTG1,1,6,0.0,0.0,0.0
58198_G_GTG1,1,7,0.0,0.0,0.0
58198_G_GTG1,1,8,0.0,0.0,0.0
58198_G_GTG1,1,9,0.0,0.0,0.0
58198_G_GTG1,1,10,0.0,0.0,0.0
58198_G_GTG1,1,11,0.0,0.0,0.0
58198_G_GTG1,1,12,0.0,0.0,0.0
58198_G_GTG1,1,13,0.0,0.0,0.0
58198_G_GTG1,1,14,0.0,0.0,0.0
58198_G_GTG1,1,15,0.0,0.0,0.0
58198_G_GTG1,1,16,0.0,0.0,0.0
58198_G_GTG1,1,17,0.0,0.0,0.0
58198_G_GTG1,1,18,0.0,0.0,0.0
58198_G_GTG1,1,19,0.0,0.0,0.0
58198_G_GTG1,1,20,0.0,0.0,0.0
58198_G_GTG1,1,21,0.0,0.0,0.0
58198_G_GTG1,1,22,0.0,0.0,0.0
58198_G_GTG1,1,23,0.0,0.0,0.0
58198_G_GTG1,1,24,0.0,0.0,0.0
58198_G_GTG1,1,25,0.0,0.0,0.0
58198_G_GTG2,1,1,0.0,0.0,0.0
58198_G_GTG2,1,2,0.0,0.0,0.0
58198_G_GTG2,1,3,0.0,0.0,0.0
58198_G_GTG2,1,4,0.0,0.0,0.0
58198_G_GTG2,1,5,0.0,0.0,0.0
58198_G_GTG2,1,6,0.0,0.0,0.0
58198_G_GTG2,1,7,0.0,0.0,0.0
58198_G_GTG2,1,8,0.0,0.0,0.0
58198_G_GTG2,1,9,0.0,0.0,0.0
58198_G_GTG2,1,10,0.0,0.0,0.0
58198_G_GTG2,1,11,0.0,0.0,0.0
58198_G_GTG2,1,12,0.0,0.0,0.0
58198_G_GTG2,1,13,0.0,0.0,0.0
58198_G_GTG2,1,14,0.0,0.0,0.0
58198_G_GTG2,1,15,0.0,0.0,0.0
58198_G_GTG2,1,16,0.0,0.0,0.0
58198_G_GTG2,1,17,0.0,0.0,0.0
58198_G_GTG2,1,18,0.0,0.0,0.0
58198_G_GTG2,1,19,0.0,0.0,0.0
58198_G_GTG2,1,20,0.0,0.0,0.0
58198_G_GTG2,1,21,0.0,0.0,0.0
58198_G_GTG2,1,22,0.0,0.0,0.0
58198_G_GTG2,1,23,0.0,0.0,0.0
58198_G_GTG2,1,24,0.0,0.0,0.0
58198_G_GTG2,1,25,0.0,0.0,0.0
58198_G_STG1,1,1,0.0,0.0,0.0
58198_G_STG1,1,2,0.0,0.0,0.0
58198_G_STG1,1,3,0.0,0.0,0.0
58198_G_STG1,1,4,0.0,0.0,0.0
58198_G_STG1,1,5,0.0,0.0,0.0
58198_G_STG1,1,6,0.0,0.0,0.0
58198_G_STG1,1,7,0.0,0.0,0.0
58198_G_STG1,1,8,0.0,0.0,0.0
58198_G_STG1,1,9,0.0,0.0,0.0
58198_G_STG1,1,10,0.0,0.0,0.0
58198_G_STG1,1,11,0.0,0.0,0.0
58198_G_STG1,1,12,0.0,0.0,0.0
58198_G_STG1,1,13,0.0,0.0,0.0
58198_G_STG1,1,14,0.0,0.0,0.0
58198_G_STG1,1,15,0.0,0.0,0.0
58198_G_STG1,1,16,0.0,0.0,0.0
58198_G_STG1,1,17,0.0,0.0,0.0
58198_G_STG1,1,18,0.0,0.0,0.0
58198_G_STG1,1,19,0.0,0.0,0.0
58198_G_STG1,1,20,0.72,1.08,0.0
58198_G_STG1,1,21,0.72,0.0,0.0
58198_G_STG1,1,22,0.72,0.0,0.0
58198_G_STG1,1,23,0.72,0.0,0.0
58198_G_STG1,1,24,0.72,0.0,0.0
58198_G_STG1,1,25,0.0,0.0,0.0
59074_G_EG6B,1,1,0.0,0.0,0.0
59074_G_EG6B,1,2,0.0,0.0,0.0
59074_G_EG6B,1,3,0.0,0.0,0.0
59074_G_EG6B,1,4,0.0,0.0,0.0
59074_G_EG6B,1,5,0.0,0.0,0.0
59074_G_EG6B,1,6,0.0,0.0,0.0
59074_G_EG6B,1,7,0.0,0.0,0.0
59074_G_EG6B,1,8,0.0,0.0,0.0
59074_G_EG6B,1,9,0.0,0.0,0.0
59074_G_EG6B,1,10,0.0,0.0,0.0
59074_G_EG6B,1,11,0.0,0.0,0.0
59074_G_EG6B,1,12,0.0,0.0,0.0
59074_G_EG6B,1,13,0.0,0.0,0.0
59074_G_EG6B,1,14,0.0,0.0,0.0
59074_G_EG6B,1,15,0.0,0.0,0.0
59074_G_EG6B,1,16,0.0,0.0,0.0
59074_G_EG6B,1,17,0.0,0.0,0.0
59074_G_EG6B,1,18,0.0,0.0,0.0
59074_G_EG6B,1,19,0.0,0.0,0.0
59074_G_EG6B,1,20,0.0,0.0,0.0
59074_G_EG6B,1,21,0.0,0.0,0.0
59074_G_EG6B,1,22,0.0,0.0,0.0
59074_G_EG6B,1,23,0.0,0.0,0.0
59074_G_EG6B,1,24,0.0,0.0,0.0
59074_G_EG6B,1,25,0.0,0.0,0.0
59557_G_AC2FC,1,1,0.0,0.0,0.0
59557_G_AC2FC,1,2,0.0,0.0,0.0
59557_G_AC2FC,1,3,0.0,0.0,0.0
59557_G_AC2FC,1,4,0.0,0.0,0.0
59557_G_AC2FC,1,5,0.0,0.0,0.0
59557_G_AC2FC,1,6,0.0,0.0,0.0
59557_G_AC2FC,1,7,0.0,0.0,0.0
59557_G_AC2FC,1,8,0.0,0.0,0.0
59557_G_AC2FC,1,9,0.0,0.0,0.0
59557_G_AC2FC,1,10,0.0,0.0,0.0
59557_G_AC2FC,1,11,0.0,0.0,0.0
59557_G_AC2FC,1,12,0.0,0.0,0.0
59557_G_AC2FC,1,13,0.0,0.0,0.0
59557_G_AC2FC,1,14,0.0,0.0,0.0
59557_G_AC2FC,1,15,0.0,0.0,0.0
59557_G_AC2FC,1,16,0.0,0.0,0.0
59557_G_AC2FC,1,17,0.0,0.0,0.0
59557_G_AC2FC,1,18,0.0,0.0,0.0
59557_G_AC2FC,1,19,0.0,0.0,0.0
59557_G_AC2FC,1,20,9.009925333534909,0.0,0.0
59557_G_AC2FC,1,21,0.0,0.0,0.0
59557_G_AC2FC,1,22,0.0,0.0,0.0
59557_G_AC2FC,1,23,0.0,0.0,0.0
59557_G_AC2FC,1,24,0.0,0.0,0.0
59557_G_AC2FC,1,25,0.0,0.0,0.0
6060_G_4,1,1,0.0,0.0,0.0
6060_G_4,1,2,0.0,0.0,0.0
6060_G_4,1,3,0.0,0.0,0.0
6060_G_4,1,4,0.0,0.0,0.0
6060_G_4,1,5,0.0,0.0,0.0
6060_G_4,1,6,0.0,0.0,0.0
6060_G_4,1,7,0.0,0.0,0.0
6060_G_4,1,8,0.0,0.0,0.0
6060_G_4,1,9,0.0,0.0,0.0
6060_G_4,1,10,0.0,0.0,0.0
6060_G_4,1,11,0.0,0.0,0.0
6060_G_4,1,12,0.0,0.0,0.0
6060_G_4,1,13,0.0,0.0,0.0
6060_G_4,1,14,0.0,0.0,0.0
6060_G_4,1,15,0.0,0.0,0.0
6060_G_4,1,16,0.0,0.0,0.0
6060_G_4,1,17,0.0,0.0,0.0
6060_G_4,1,18,0.0,0.0,0.0
6060_G_4,1,19,0.0,0.0,0.0
6060_G_4,1,20,0.0,0.0,0.0
6060_G_4,1,21,0.0,0.0,0.0
6060_G_4,1,22,0.0,0.0,0.0
6060_G_4,1,23,0.0,0.0,0.0
6060_G_4,1,24,0.0,0.0,0.0
6060_G_4,1,25,0.0,0.0,0.0
60918_G_00003,1,1,26.0,0.0,0.0
60918_G_00003,1,2,26.0,0.0,0.0
60918_G_00003,1,3,26.0,0.0,0.0
60918_G_00003,1,4,26.0,0.0,0.0
60918_G_00003,1,5,26.0,0.0,0.0
60918_G_00003,1,6,26.0,0.0,0.0
60918_G_00003,1,7,26.0,0.0,0.0
60918_G_00003,1,8,10.4,0.0,0.0
60918_G_00003,1,9,10.4,0.0,0.0
60918_G_00003,1,10,10.4,0.0,0.0
60918_G_00003,1,11,10.4,0.0,0.0
60918_G_00003,1,12,10.4,0.0,0.0
60918_G_00003,1,13,10.4,0.0,0.0
60918_G_00003,1,14,10.4,0.0,0.0
60918_G_00003,1,15,26.0,0.0,0.0
60918_G_00003,1,16,26.0,0.0,0.0
60918_G_00003,1,17,26.0,0.0,0.0
60918_G_00003,1,18,26.0,0.0,0.0
60918_G_00003,1,19,26.0,0.0,0.0
60918_G_00003,1,20,26.0,0.0,0.0
60918_G_00003,1,21,26.0,0.0,0.0
60918_G_00003,1,22,26.0,0.0,0.0
60918_G_00003,1,23,26.0,0.0,0.0
60918_G_00003,1,24,26.0,0.0,0.0
60918_G_00003,1,25,26.0,0.0,0.0
6099_G_1,1,1,1095.249328378791,0.0,0.0
6099_G_1,1,2,1122.0,0.0,0.0
6099_G_1,1,3,1122.0,0.0,0.0
6099_G_1,1,4,1122.0,0.0,0.0
6099_G_1,1,5,1122.0,0.0,0.0
6099_G_1,1,6,1122.0,0.0,0.0
6099_G_1,1,7,1122.0,0.0,0.0
6099_G_1,1,8,1032.24,0.0,0.0
6099_G_1,1,9,1009.8,0.0,0.0
6099_G_1,1,10,1009.8,0.0,0.0
6099_G_1,1,11,1009.8,0.0,0.0
6099_G_1,1,12,1009.8,0.0,0.0
6099_G_1,1,13,1009.8,0.0,0.0
6099_G_1,1,14,1009.8,0.0,0.0
6099_G_1,1,15,1032.24,0.0,0.0
6099_G_1,1,16,1122.0,0.0,0.0
6099_G_1,1,17,1122.0,0.0,0.0
6099_G_1,1,18,1122.0,0.0,0.0
6099_G_1,1,19,1122.0,0.0,0.0
6099_G_1,1,20,1122.0,0.0,0.0
6099_G_1,1,21,1122.0,0.0,0.0
6099_G_1,1,22,1122.0,0.0,0.0
6099_G_1,1,23,1122.0,0.0,0.0
6099_G_1,1,24,1122.0,0.0,0.0
6099_G_1,1,25,1122.0,0.0,0.0
6099_G_2,1,1,1118.0,0.0,0.0
6099_G_2,1,2,1118.0,0.0,0.0
6099_G_2,1,3,1118.0,0.0,0.0
6099_G_2,1,4,1118.0,0.0,0.0
6099_G_2,1,5,1118.0,0.0,0.0
6099_G_2,1,6,1118.0,0.0,0.0
6099_G_2,1,7,1118.0,0.0,0.0
6099_G_2,1,8,1028.56,0.0,0.0
6099_G_2,1,9,1006.2,0.0,0.0
6099_G_2,1,10,1006.2,0.0,0.0
6099_G_2,1,11,1006.2,0.0,0.0
6099_G_2,1,12,1006.2,0.0,0.0
6099_G_2,1,13,1006.2,0.0,0.0
6099_G_2,1,14,1006.2,0.0,0.0
6099_G_2,1,15,1028.56,0.0,0.0
6099_G_2,1,16,1118.0,0.0,0.0
6099_G_2,1,17,1118.0,0.0,0.0
6099_G_2,1,18,1118.0,0.0,0.0
6099_G_2,1,19,1118.0,0.0,0.0
6099_G_2,1,20,1118.0,0.0,0.0
6099_G_2,1,21,1118.0,0.0,0.0
6099_G_2,1,22,1118.0,0.0,0.0
6099_G_2,1,23,1118.0,0.0,0.0
6099_G_2,1,24,1118.0,0.0,0.0
6099_G_2,1,25,1118.0,0.0,0.0
6211_G_GEN1,1,1,0.0,0.0,0.0
6211_G_GEN1,1,2,0.0,0.0,0.0
6211_G_GEN1,1,3,0.0,0.0,0.0
6211_G_GEN1,1,4,0.0,0.0,0.0
6211_G_GEN1,1,5,0.0,0.0,0.0
6211_G_GEN1,1,6,0.0,0.0,0.0
6211_G_GEN1,1,7,0.0,0.0,0.0
6211_G_GEN1,1,8,0.0,0.0,0.0
6211_G_GEN1,1,9,0.0,0.0,0.0
6211_G_GEN1,1,10,0.0,0.0,0.0
6211_G_GEN1,1,11,0.0,0.0,0.0
6211_G_GEN1,1,12,0.0,0.0,0.0
6211_G_GEN1,1,13,0.0,0.0,0.0
6211_G_GEN1,1,14,0.0,0.0,0.0
6211_G_GEN1,1,15,0.0,0.0,0.0
6211_G_GEN1,1,16,0.0,0.0,0.0
6211_G_GEN1,1,17,0.0,0.0,0.0
6211_G_GEN1,1,18,0.0,0.0,0.0
6211_G_GEN1,1,19,0.0,0.0,0.0
6211_G_GEN1,1,20,0.0,0.0,0.0
6211_G_GEN1,1,21,0.0,0.0,0.0
6211_G_GEN1,1,22,0.0,0.0,0.0
6211_G_GEN1,1,23,0.0,0.0,0.0
6211_G_GEN1,1,24,0.0,0.0,0.0
6211_G_GEN1,1,25,0.0,0.0,0.0
6704_G_10,1,1,0.0,0.0,0.0
6704_G_10,1,2,0.0,0.0,0.0
6704_G_10,1,3,0.0,0.0,0.0
6704_G_10,1,4,0.0,0.0,0.0
6704_G_10,1,5,0.0,0.0,0.0
6704_G_10,1,6,0.0,0.0,0.0
6704_G_10,1,7,0.0,0.0,0.0
6704_G_10,1,8,0.0,0.0,0.0
6704_G_10,1,9,0.0,0.0,0.0
6704_G_10,1,10,0.0,0.0,0.0
6704_G_10,1,11,0.0,0.0,0.0
6704_G_10,1,12,0.0,0.0,0.0
6704_G_10,1,13,0.0,0.0,0.0
6704_G_10,1,14,0.0,0.0,0.0
6704_G_10,1,15,0.0,0.0,0.0
6704_G_10,1,16,0.0,0.0,0.0
6704_G_10,1,17,0.0,0.0,0.0
6704_G_10,1,18,0.0,0.0,0.0
6704_G_10,1,19,0.0,0.0,0.0
6704_G_10,1,20,0.0,0.0,0.0
6704_G_10,1,21,0.0,0.0,0.0
6704_G_10,1,22,0.0,0.0,0.0
6704_G_10,1,23,0.0,0.0,0.0
6704_G_10,1,24,0.0,0.0,0.0
6704_G_10,1,25,0.0,0.0,0.0
6704_G_14,1,1,0.0,0.0,0.0
6704_G_14,1,2,0.0,0.0,0.0
6704_G_14,1,3,0.0,0.0,0.0
6704_G_14,1,4,0.0,0.0,0.0
6704_G_14,1,5,0.0,0.0,0.0
6704_G_14,1,6,0.0,0.0,0.0
6704_G_14,1,7,0.0,0.0,0.0
6704_G_14,1,8,0.0,0.0,0.0
6704_G_14,1,9,0.0,0.0,0.0
6704_G_14,1,10,0.0,0.0,0.0
6704_G_14,1,11,0.0,0.0,0.0
6704_G_14,1,12,0.0,0.0,0.0
6704_G_14,1,13,0.0,0.0,0.0
6704_G_14,1,14,0.0,0.0,0.0
6704_G_14,1,15,0.0,0.0,0.0
6704_G_14,1,16,0.0,0.0,0.0
6704_G_14,1,17,0.0,0.0,0.0
6704_G_14,1,18,0.0,0.0,0.0
6704_G_14,1,19,0.0,0.0,0.0
6704_G_14,1,20,0.0,0.0,0.0
6704_G_14,1,21,0.0,0.0,0.0
6704_G_14,1,22,0.0,0.0,0.0
6704_G_14,1,23,0.0,0.0,0.0
6704_G_14,1,24,0.0,0.0,0.0
6704_G_14,1,25,0.0,0.0,0.0
7266_G_2,1,1,0.0,0.0,0.0
7266_G_2,1,2,0.0,0.0,0.0
7266_G_2,1,3,0.0,0.0,0.0
7266_G_2,1,4,0.0,0.0,0.0
7266_G_2,1,5,0.0,0.0,0.0
7266_G_2,1,6,0.0,0.0,0.0
7266_G_2,1,7,0.0,0.0,0.0
7266_G_2,1,8,0.0,0.0,0.0
7266_G_2,1,9,0.0,0.0,0.0
7266_G_2,1,10,0.0,0.0,0.0
7266_G_2,1,11,0.0,0.0,0.0
7266_G_2,1,12,0.0,0.0,0.0
7266_G_2,1,13,0.0,0.0,0.0
7266_G_2,1,14,0.0,0.0,0.0
7266_G_2,1,15,0.0,0.0,0.0
7266_G_2,1,16,0.0,0.0,0.0
7266_G_2,1,17,0.0,0.0,0.0
7266_G_2,1,18,0.0,0.0,0.0
7266_G_2,1,19,0.0,0.0,0.0
7266_G_2,1,20,0.0,0.0,0.0
7266_G_2,1,21,0.0,0.0,0.0
7266_G_2,1,22,0.0,0.0,0.0
7266_G_2,1,23,0.0,0.0,0.0
7266_G_2,1,24,0.0,0.0,0.0
7266_G_2,1,25,0.0,0.0,0.0
7266_G_3,1,1,0.0,0.0,0.0
7266_G_3,1,2,0.0,0.0,0.0
7266_G_3,1,3,0.0,0.0,0.0
7266_G_3,1,4,0.0,0.0,0.0
7266_G_3,1,5,0.0,0.0,0.0
7266_G_3,1,6,0.0,0.0,0.0
7266_G_3,1,7,0.0,0.0,0.0
7266_G_3,1,8,0.0,0.0,0.0
7266_G_3,1,9,0.0,0.0,0.0
7266_G_3,1,10,0.0,0.0,0.0
7266_G_3,1,11,0.0,0.0,0.0
7266_G_3,1,12,0.0,0.0,0.0
7266_G_3,1,13,0.0,0.0,0.0
7266_G_3,1,14,0.0,0.0,0.0
7266_G_3,1,15,0.0,0.0,0.0
7266_G_3,1,16,0.0,0.0,0.0
7266_G_3,1,17,0.0,0.0,0.0
7266_G_3,1,18,0.0,0.0,0.0
7266_G_3,1,19,0.0,0.0,0.0
7266_G_3,1,20,0.0,0.0,0.0
7266_G_3,1,21,0.0,0.0,0.0
7266_G_3,1,22,0.0,0.0,0.0
7266_G_3,1,23,0.0,0.0,0.0
7266_G_3,1,24,0.0,0.0,0.0
7266_G_3,1,25,0.0,0.0,0.0
7307_G_4,1,1,0.0,0.0,0.0
7307_G_4,1,2,0.0,0.0,0.0
7307_G_4,1,3,0.0,0.0,0.0
7307_G_4,1,4,0.0,0.0,0.0
7307_G_4,1,5,0.0,0.0,0.0
7307_G_4,1,6,0.0,0.0,0.0
7307_G_4,1,7,0.0,0.0,0.0
7307_G_4,1,8,0.0,0.0,0.0
7307_G_4,1,9,0.0,0.0,0.0
7307_G_4,1,10,0.0,0.0,0.0
7307_G_4,1,11,0.0,0.0,0.0
7307_G_4,1,12,0.0,0.0,0.0
7307_G_4,1,13,0.0,0.0,0.0
7307_G_4,1,14,0.0,0.0,0.0
7307_G_4,1,15,0.0,0.0,0.0
7307_G_4,1,16,0.0,0.0,0.0
7307_G_4,1,17,0.0,0.0,0.0
7307_G_4,1,18,0.0,0.0,0.0
7307_G_4,1,19,0.0,0.0,0.0
7307_G_4,1,20,0.0,0.0,0.0
7307_G_4,1,21,0.0,0.0,0.0
7307_G_4,1,22,0.0,0.0,0.0
7307_G_4,1,23,0.0,0.0,0.0
7307_G_4,1,24,0.0,0.0,0.0
7307_G_4,1,25,0.0,0.0,0.0
7307_G_5,1,1,0.0,0.0,0.0
7307_G_5,1,2,0.0,0.0,0.0
7307_G_5,1,3,0.0,0.0,0.0
7307_G_5,1,4,0.0,0.0,0.0
7307_G_5,1,5,0.0,0.0,0.0
7307_G_5,1,6,0.0,0.0,0.0
7307_G_5,1,7,0.0,0.0,0.0
7307_G_5,1,8,0.0,0.0,0.0
7307_G_5,1,9,0.0,0.0,0.0
7307_G_5,1,10,0.0,0.0,0.0
7307_G_5,1,11,0.0,0.0,0.0
7307_G_5,1,12,0.0,0.0,0.0
7307_G_5,1,13,0.0,0.0,0.0
7307_G_5,1,14,0.0,0.0,0.0
7307_G_5,1,15,0.0,0.0,0.0
7307_G_5,1,16,0.0,0.0,0.0
7307_G_5,1,17,0.0,0.0,0.0
7307_G_5,1,18,0.0,0.0,0.0
7307_G_5,1,19,0.0,0.0,0.0
7307_G_5,1,20,0.0,0.0,0.0
7307_G_5,1,21,0.0,0.0,0.0
7307_G_5,1,22,0.0,0.0,0.0
7307_G_5,1,23,0.0,0.0,0.0
7307_G_5,1,24,0.0,0.0,0.0
7307_G_5,1,25,0.0,0.0,0.0
7307_G_6,1,1,0.0,0.0,0.0
7307_G_6,1,2,0.0,0.0,0.0
7307_G_6,1,3,0.0,0.0,0.0
7307_G_6,1,4,0.0,0.0,0.0
7307_G_6,1,5,0.0,0.0,0.0
7307_G_6,1,6,0.0,0.0,0.0
7307_G_6,1,7,0.0,0.0,0.0
7307_G_6,1,8,0.0,0.0,0.0
7307_G_6,1,9,0.0,0.0,0.0
7307_G_6,1,10,0.0,0.0,0.0
7307_G_6,1,11,0.0,0.0,0.0
7307_G_6,1,12,0.0,0.0,0.0
7307_G_6,1,13,0.0,0.0,0.0
7307_G_6,1,14,0.0,0.0,0.0
7307_G_6,1,15,0.0,0.0,0.0
7307_G_6,1,16,0.0,0.0,0.0
7307_G_6,1,17,0.0,0.0,0.0
7307_G_6,1,18,0.0,0.0,0.0
7307_G_6,1,19,0.0,0.0,0.0
7307_G_6,1,20,0.0,0.0,0.0
7307_G_6,1,21,0.0,0.0,0.0
7307_G_6,1,22,0.0,0.0,0.0
7307_G_6,1,23,0.0,0.0,0.0
7307_G_6,1,24,0.0,0.0,0.0
7307_G_6,1,25,0.0,0.0,0.0
7368_G_1,1,1,27.0,0.0,0.0
7368_G_1,1,2,27.0,0.0,0.0
7368_G_1,1,3,27.0,0.0,0.0
7368_G_1,1,4,27.0,0.0,0.0
7368_G_1,1,5,27.0,0.0,0.0
7368_G_1,1,6,27.0,0.0,0.0
7368_G_1,1,7,27.0,0.0,0.0
7368_G_1,1,8,17.765999999999966,0.0,0.0
7368_G_1,1,9,10.8,0.0,0.0
7368_G_1,1,10,10.8,0.0,0.0
7368_G_1,1,11,10.8,0.0,0.0
7368_G_1,1,12,10.8,0.0,0.0
7368_G_1,1,13,17.766,0.0,0.0
7368_G_1,1,14,27.0,0.0,0.0
7368_G_1,1,15,27.0,0.0,0.0
7368_G_1,1,16,27.0,0.0,0.0
7368_G_1,1,17,27.0,0.0,0.0
7368_G_1,1,18,27.0,0.0,0.0
7368_G_1,1,19,27.0,0.0,0.0
7368_G_1,1,20,27.0,0.0,0.0
7368_G_1,1,21,27.0,0.0,0.0
7368_G_1,1,22,27.0,0.0,0.0
7368_G_1,1,23,27.0,0.0,0.0
7368_G_1,1,24,27.0,0.0,0.0
7368_G_1,1,25,27.0,0.0,0.0
7368_G_2,1,1,27.0,0.0,0.0
7368_G_2,1,2,27.0,0.0,0.0
7368_G_2,1,3,27.0,0.0,0.0
7368_G_2,1,4,27.0,0.0,0.0
7368_G_2,1,5,27.0,0.0,0.0
7368_G_2,1,6,27.0,0.0,0.0
7368_G_2,1,7,27.0,0.0,0.0
7368_G_2,1,8,17.766000000000002,0.0,0.0
7368_G_2,1,9,10.8,0.0,0.0
7368_G_2,1,10,10.8,0.0,0.0
7368_G_2,1,11,10.8,0.0,0.0
7368_G_2,1,12,10.8,0.0,0.0
7368_G_2,1,13,17.766,0.0,0.0
7368_G_2,1,14,27.0,0.0,0.0
7368_G_2,1,15,27.0,0.0,0.0
7368_G_2,1,16,27.0,0.0,0.0
7368_G_2,1,17,27.0,0.0,0.0
7368_G_2,1,18,27.0,0.0,0.0
7368_G_2,1,19,27.0,0.0,0.0
7368_G_2,1,20,27.0,0.0,0.0
7368_G_2,1,21,27.0,0.0,0.0
7368_G_2,1,22,27.0,0.0,0.0
7368_G_2,1,23,27.0,0.0,0.0
7368_G_2,1,24,27.0,0.0,0.0
7368_G_2,1,25,27.0,0.0,0.0
7369_G_3,1,1,30.1,0.0,0.0
7369_G_3,1,2,30.1,0.0,0.0
7369_G_3,1,3,30.1,0.0,0.0
7369_G_3,1,4,30.1,0.0,0.0
7369_G_3,1,5,30.1,0.0,0.0
7369_G_3,1,6,30.1,0.0,0.0
7369_G_3,1,7,30.1,0.0,0.0
7369_G_3,1,8,19.805799999999984,10.294200000000037,7.765799999999999
7369_G_3,1,9,22.334199999846973,7.765799999999999,10.294199999846976
7369_G_3,1,10,12.04,18.060000000000002,0.0
7369_G_3,1,11,12.04,18.060000000000002,0.0
7369_G_3,1,12,12.04,18.060000000000002,0.0
7369_G_3,1,13,19.805799999999998,10.294200000000012,7.765800000000015
7369_G_3,1,14,30.1,0.0,0.0
7369_G_3,1,15,30.1,0.0,0.0
7369_G_3,1,16,30.1,0.0,0.0
7369_G_3,1,17,30.1,0.0,0.0
7369_G_3,1,18,30.1,0.0,0.0
7369_G_3,1,19,30.1,0.0,0.0
7369_G_3,1,20,30.1,0.0,0.0
7369_G_3,1,21,30.1,0.0,0.0
7369_G_3,1,22,30.1,0.0,0.0
7369_G_3,1,23,30.1,0.0,0.0
7369_G_3,1,24,30.1,0.0,0.0
7369_G_3,1,25,30.1,0.0,0.0
7369_G_4,1,1,48.0,0.0,0.0
7369_G_4,1,2,48.0,0.0,0.0
7369_G_4,1,3,48.0,0.0,0.0
7369_G_4,1,4,48.0,0.0,0.0
7369_G_4,1,5,48.0,0.0,0.0
7369_G_4,1,6,48.0,0.0,0.0
7369_G_4,1,7,48.0,0.0,0.0
7369_G_4,1,8,31.584,0.0,0.0
7369_G_4,1,9,19.200000000000006,0.0,0.0
7369_G_4,1,10,19.200000000000006,0.0,0.0
7369_G_4,1,11,19.200000000000006,0.0,0.0
7369_G_4,1,12,19.200000000000006,0.0,0.0
7369_G_4,1,13,31.584,0.0,0.0
7369_G_4,1,14,48.0,0.0,0.0
7369_G_4,1,15,48.0,0.0,0.0
7369_G_4,1,16,48.0,0.0,0.0
7369_G_4,1,17,48.0,0.0,0.0
7369_G_4,1,18,48.0,0.0,0.0
7369_G_4,1,19,48.0,0.0,0.0
7369_G_4,1,20,48.0,0.0,0.0
7369_G_4,1,21,48.0,0.0,0.0
7369_G_4,1,22,48.0,0.0,0.0
7369_G_4,1,23,48.0,0.0,0.0
7369_G_4,1,24,48.0,0.0,0.0
7369_G_4,1,25,48.0,0.0,0.0
7449_G_NA1,1,1,0.0,0.0,0.0
7449_G_NA1,1,2,0.0,0.0,0.0
7449_G_NA1,1,3,0.0,0.0,0.0
7449_G_NA1,1,4,0.0,0.0,0.0
7449_G_NA1,1,5,0.0,0.0,0.0
7449_G_NA1,1,6,0.0,0.0,0.0
7449_G_NA1,1,7,0.0,0.0,0.0
7449_G_NA1,1,8,0.0,0.0,0.0
7449_G_NA1,1,9,0.0,0.0,0.0
7449_G_NA1,1,10,0.0,0.0,0.0
7449_G_NA1,1,11,0.0,0.0,0.0
7449_G_NA1,1,12,0.0,0.0,0.0
7449_G_NA1,1,13,0.0,0.0,0.0
7449_G_NA1,1,14,0.0,0.0,0.0
7449_G_NA1,1,15,0.0,0.0,0.0
7449_G_NA1,1,16,0.0,0.0,0.0
7449_G_NA1,1,17,0.0,0.0,0.0
7449_G_NA1,1,18,0.0,0.0,0.0
7449_G_NA1,1,19,0.0,0.0,0.0
7449_G_NA1,1,20,0.0,0.0,0.0
7449_G_NA1,1,21,0.0,0.0,0.0
7449_G_NA1,1,22,0.0,0.0,0.0
7449_G_NA1,1,23,0.0,0.0,0.0
7449_G_NA1,1,24,0.0,0.0,0.0
7449_G_NA1,1,25,0.0,0.0,0.0
7527_G_2,1,1,0.0,0.0,0.0
7527_G_2,1,2,0.0,0.0,0.0
7527_G_2,1,3,0.0,0.0,0.0
7527_G_2,1,4,0.0,0.0,0.0
7527_G_2,1,5,0.0,0.0,0.0
7527_G_2,1,6,0.0,0.0,0.0
7527_G_2,1,7,0.0,0.0,0.0
7527_G_2,1,8,0.0,0.0,0.0
7527_G_2,1,9,0.0,0.0,0.0
7527_G_2,1,10,0.0,0.0,0.0
7527_G_2,1,11,0.0,0.0,0.0
7527_G_2,1,12,0.0,0.0,0.0
7527_G_2,1,13,0.0,0.0,0.0
7527_G_2,1,14,0.0,0.0,0.0
7527_G_2,1,15,0.0,0.0,0.0
7527_G_2,1,16,0.0,0.0,0.0
7527_G_2,1,17,0.0,0.0,0.0
7527_G_2,1,18,0.0,0.0,0.0
7527_G_2,1,19,0.0,0.0,0.0
7527_G_2,1,20,0.0,0.0,0.0
7527_G_2,1,21,0.0,0.0,0.0
7527_G_2,1,22,0.0,0.0,0.0
7527_G_2,1,23,0.0,0.0,0.0
7527_G_2,1,24,0.0,0.0,0.0
7527_G_2,1,25,0.0,0.0,0.0
7527_G_CCCT,1,1,0.0,0.0,0.0
7527_G_CCCT,1,2,0.0,0.0,0.0
7527_G_CCCT,1,3,0.0,0.0,0.0
7527_G_CCCT,1,4,0.0,0.0,0.0
7527_G_CCCT,1,5,0.0,0.0,0.0
7527_G_CCCT,1,6,0.0,0.0,0.0
7527_G_CCCT,1,7,0.0,0.0,0.0
7527_G_CCCT,1,8,0.0,0.0,0.0
7527_G_CCCT,1,9,0.0,0.0,0.0
7527_G_CCCT,1,10,0.0,0.0,0.0
7527_G_CCCT,1,11,0.0,0.0,0.0
7527_G_CCCT,1,12,0.0,0.0,0.0
7527_G_CCCT,1,13,0.0,0.0,0.0
7527_G_CCCT,1,14,0.0,0.0,0.0
7527_G_CCCT,1,15,0.0,0.0,0.0
7527_G_CCCT,1,16,0.0,0.0,0.0
7527_G_CCCT,1,17,0.0,0.0,0.0
7527_G_CCCT,1,18,0.0,0.0,0.0
7527_G_CCCT,1,19,0.0,0.0,0.0
7527_G_CCCT,1,20,0.0,0.0,0.0
7527_G_CCCT,1,21,0.0,0.0,0.0
7527_G_CCCT,1,22,0.0,0.0,0.0
7527_G_CCCT,1,23,0.0,0.0,0.0
7527_G_CCCT,1,24,0.0,0.0,0.0
7527_G_CCCT,1,25,0.0,0.0,0.0
7551_G_CCST,1,1,0.0,0.0,0.0
7551_G_CCST,1,2,0.0,0.0,0.0
7551_G_CCST,1,3,0.0,0.0,0.0
7551_G_CCST,1,4,0.0,0.0,0.0
7551_G_CCST,1,5,0.0,0.0,0.0
7551_G_CCST,1,6,0.0,0.0,0.0
7551_G_CCST,1,7,0.0,0.0,0.0
7551_G_CCST,1,8,0.0,0.0,0.0
7551_G_CCST,1,9,0.0,0.0,0.0
7551_G_CCST,1,10,0.0,0.0,0.0
7551_G_CCST,1,11,0.0,0.0,0.0
7551_G_CCST,1,12,0.0,0.0,0.0
7551_G_CCST,1,13,0.0,0.0,0.0
7551_G_CCST,1,14,0.0,0.0,0.0
7551_G_CCST,1,15,0.0,0.0,0.0
7551_G_CCST,1,16,0.0,0.0,0.0
7551_G_CCST,1,17,0.0,0.0,0.0
7551_G_CCST,1,18,0.0,0.0,0.0
7551_G_CCST,1,19,0.0,0.0,0.0
7551_G_CCST,1,20,0.0,0.0,0.0
7551_G_CCST,1,21,0.0,0.0,0.0
7551_G_CCST,1,22,0.0,0.0,0.0
7551_G_CCST,1,23,0.0,0.0,0.0
7551_G_CCST,1,24,0.0,0.0,0.0
7551_G_CCST,1,25,0.0,0.0,0.0
7551_G_CT1A,1,1,0.0,0.0,0.0
7551_G_CT1A,1,2,0.0,0.0,0.0
7551_G_CT1A,1,3,0.0,0.0,0.0
7551_G_CT1A,1,4,0.0,0.0,0.0
7551_G_CT1A,1,5,0.0,0.0,0.0
7551_G_CT1A,1,6,0.0,0.0,0.0
7551_G_CT1A,1,7,0.0,0.0,0.0
7551_G_CT1A,1,8,0.0,0.0,0.0
7551_G_CT1A,1,9,0.0,0.0,0.0
7551_G_CT1A,1,10,0.0,0.0,0.0
7551_G_CT1A,1,11,0.0,0.0,0.0
7551_G_CT1A,1,12,0.0,0.0,0.0
7551_G_CT1A,1,13,0.0,0.0,0.0
7551_G_CT1A,1,14,0.0,0.0,0.0
7551_G_CT1A,1,15,0.0,0.0,0.0
7551_G_CT1A,1,16,0.0,0.0,0.0
7551_G_CT1A,1,17,0.0,0.0,0.0
7551_G_CT1A,1,18,0.0,0.0,0.0
7551_G_CT1A,1,19,0.0,0.0,0.0
7551_G_CT1A,1,20,0.0,0.0,0.0
7551_G_CT1A,1,21,0.0,0.0,0.0
7551_G_CT1A,1,22,0.0,0.0,0.0
7551_G_CT1A,1,23,0.0,0.0,0.0
7551_G_CT1A,1,24,0.0,0.0,0.0
7551_G_CT1A,1,25,0.0,0.0,0.0
7551_G_CT1B,1,1,0.0,0.0,0.0
7551_G_CT1B,1,2,0.0,0.0,0.0
7551_G_CT1B,1,3,0.0,0.0,0.0
7551_G_CT1B,1,4,0.0,0.0,0.0
7551_G_CT1B,1,5,0.0,0.0,0.0
7551_G_CT1B,1,6,0.0,0.0,0.0
7551_G_CT1B,1,7,0.0,0.0,0.0
7551_G_CT1B,1,8,0.0,0.0,0.0
7551_G_CT1B,1,9,0.0,0.0,0.0
7551_G_CT1B,1,10,0.0,0.0,0.0
7551_G_CT1B,1,11,0.0,0.0,0.0
7551_G_CT1B,1,12,0.0,0.0,0.0
7551_G_CT1B,1,13,0.0,0.0,0.0
7551_G_CT1B,1,14,0.0,0.0,0.0
7551_G_CT1B,1,15,0.0,0.0,0.0
7551_G_CT1B,1,16,0.0,0.0,0.0
7551_G_CT1B,1,17,0.0,0.0,0.0
7551_G_CT1B,1,18,0.0,0.0,0.0
7551_G_CT1B,1,19,0.0,0.0,0.0
7551_G_CT1B,1,20,0.0,0.0,0.0
7551_G_CT1B,1,21,0.0,0.0,0.0
7551_G_CT1B,1,22,0.0,0.0,0.0
7551_G_CT1B,1,23,0.0,0.0,0.0
7551_G_CT1B,1,24,0.0,0.0,0.0
7551_G_CT1B,1,25,0.0,0.0,0.0
7552_G_CCCT,1,1,0.0,0.0,0.0
7552_G_CCCT,1,2,0.0,0.0,0.0
7552_G_CCCT,1,3,0.0,0.0,0.0
7552_G_CCCT,1,4,0.0,0.0,0.0
7552_G_CCCT,1,5,0.0,0.0,0.0
7552_G_CCCT,1,6,0.0,0.0,0.0
7552_G_CCCT,1,7,0.0,0.0,0.0
7552_G_CCCT,1,8,0.0,0.0,0.0
7552_G_CCCT,1,9,0.0,0.0,0.0
7552_G_CCCT,1,10,0.0,0.0,0.0
7552_G_CCCT,1,11,0.0,0.0,0.0
7552_G_CCCT,1,12,0.0,0.0,0.0
7552_G_CCCT,1,13,0.0,0.0,0.0
7552_G_CCCT,1,14,0.0,0.0,0.0
7552_G_CCCT,1,15,0.0,0.0,0.0
7552_G_CCCT,1,16,0.0,0.0,0.0
7552_G_CCCT,1,17,0.0,0.0,0.0
7552_G_CCCT,1,18,0.0,0.0,0.0
7552_G_CCCT,1,19,0.0,0.0,0.0
7552_G_CCCT,1,20,0.0,0.0,0.0
7552_G_CCCT,1,21,0.0,0.0,0.0
7552_G_CCCT,1,22,0.0,0.0,0.0
7552_G_CCCT,1,23,0.0,0.0,0.0
7552_G_CCCT,1,24,0.0,0.0,0.0
7552_G_CCCT,1,25,0.0,0.0,0.0
7552_G_CCST,1,1,0.0,0.0,0.0
7552_G_CCST,1,2,0.0,0.0,0.0
7552_G_CCST,1,3,0.0,0.0,0.0
7552_G_CCST,1,4,0.0,0.0,0.0
7552_G_CCST,1,5,0.0,0.0,0.0
7552_G_CCST,1,6,0.0,0.0,0.0
7552_G_CCST,1,7,0.0,0.0,0.0
7552_G_CCST,1,8,0.0,0.0,0.0
7552_G_CCST,1,9,0.0,0.0,0.0
7552_G_CCST,1,10,0.0,0.0,0.0
7552_G_CCST,1,11,0.0,0.0,0.0
7552_G_CCST,1,12,0.0,0.0,0.0
7552_G_CCST,1,13,0.0,0.0,0.0
7552_G_CCST,1,14,0.0,0.0,0.0
7552_G_CCST,1,15,0.0,0.0,0.0
7552_G_CCST,1,16,0.0,0.0,0.0
7552_G_CCST,1,17,0.0,0.0,0.0
7552_G_CCST,1,18,0.0,0.0,0.0
7552_G_CCST,1,19,0.0,0.0,0.0
7552_G_CCST,1,20,0.0,0.0,0.0
7552_G_CCST,1,21,0.0,0.0,0.0
7552_G_CCST,1,22,0.0,0.0,0.0
7552_G_CCST,1,23,0.0,0.0,0.0
7552_G_CCST,1,24,0.0,0.0,0.0
7552_G_CCST,1,25,0.0,0.0,0.0
902_G_1,1,1,10.0,0.0,6.0
902_G_1,1,2,10.0,0.0,6.0
902_G_1,1,3,10.0,0.0,6.0
902_G_1,1,4,10.0,0.0,6.0
902_G_1,1,5,10.0,0.0,6.0
902_G_1,1,6,10.0,0.0,6.0
902_G_1,1,7,10.0,0.0,6.0
902_G_1,1,8,6.58,3.4200000000000026,2.580000000000005
902_G_1,1,9,9.999999999846942,0.0,5.999999999846942
902_G_1,1,10,10.0,0.0,6.0
902_G_1,1,11,10.0,0.0,6.0
902_G_1,1,12,9.999999999893873,0.0,5.9999999998938724
902_G_1,1,13,6.58,3.42,2.58
902_G_1,1,14,10.0,0.0,6.0
902_G_1,1,15,10.0,0.0,6.0
902_G_1,1,16,10.0,0.0,6.0
902_G_1,1,17,10.0,0.0,6.0
902_G_1,1,18,10.0,0.0,6.0
902_G_1,1,19,10.0,0.0,6.0
902_G_1,1,20,10.0,0.0,6.0
902_G_1,1,21,10.0,0.0,6.0
902_G_1,1,22,10.0,0.0,6.0
902_G_1,1,23,10.0,0.0,6.0
902_G_1,1,24,10.0,0.0,6.0
902_G_1,1,25,10.0,0.0,6.0
hydro,1,1,5838.0,0.0,0.0
hydro,1,2,5838.0,0.0,0.0
hydro,1,3,5838.0,0.0,0.0
hydro,1,4,5838.0,0.0,0.0
hydro,1,5,5838.0,0.0,0.0
hydro,1,6,5838.0,0.0,0.0
hydro,1,7,5838.0,0.0,0.0
hydro,1,8,5838.0,0.0,0.0
hydro,1,9,5838.0,0.0,0.0
hydro,1,10,5838.0,0.0,0.0
hydro,1,11,5838.0,0.0,0.0
hydro,1,12,5838.0,0.0,0.0
hydro,1,13,5838.0,0.0,0.0
hydro,1,14,5838.0,0.0,0.0
hydro,1,15,5838.0,0.0,0.0
hydro,1,16,5838.0,0.0,0.0
hydro,1,17,5838.0,0.0,0.0
hydro,1,18,5838.0,0.0,0.0
hydro,1,19,5838.0,0.0,0.0
hydro,1,20,5838.0,0.0,0.0
hydro,1,21,5838.0,0.0,0.0
hydro,1,22,5838.0,0.0,0.0
hydro,1,23,5838.0,0.0,0.0
hydro,1,24,5838.0,0.0,0.0
hydro,1,25,5838.0,0.0,0.0
solar,1,1,0.0,0.0,0.0
solar,1,2,0.0,0.0,0.0
solar,1,3,0.0,0.0,0.0
solar,1,4,0.0,0.0,0.0
solar,1,5,0.0,0.0,0.0
solar,1,6,2006.5184092035395,0.0,0.0
solar,1,7,6095.402222654866,0.0,0.0
solar,1,8,9998.991296283184,0.0,0.0
solar,1,9,12162.682177168139,0.0,0.0
solar,1,10,13211.566158584068,0.0,0.0
solar,1,11,13243.633700176988,0.0,0.0
solar,1,12,12201.828559646015,0.0,0.0
solar,1,13,11167.258109734512,0.0,0.0
solar,1,14,9497.456657522123,0.0,0.0
solar,1,15,8226.27851256637,0.0,0.0
solar,1,16,5790.856989026547,0.0,0.0
solar,1,17,3262.4161550442473,0.0,0.0
solar,1,18,1225.5057860176987,0.0,0.0
solar,1,19,87.00209999999998,0.0,0.0
solar,1,20,0.0,0.0,0.0
solar,1,21,0.0,0.0,0.0
solar,1,22,0.0,0.0,0.0
solar,1,23,0.0,0.0,0.0
solar,1,24,0.0,0.0,0.0
solar,1,25,0.0,0.0,0.0
vehicle,1,1,307.1572997619227,0.0,34.97025000000001
vehicle,1,2,405.2844683182663,0.0,34.3175
vehicle,1,3,355.30900000000315,0.0,33.84675000000002
vehicle,1,4,336.9708865533302,0.0,33.67700000000001
vehicle,1,5,220.20102504156534,0.0,34.237
vehicle,1,6,269.3520000000143,0.0,34.429500000000026
vehicle,1,7,0.0,0.0,0.0
vehicle,1,8,0.0,0.0,36.56275000000001
vehicle,1,9,0.0,0.0,0.0
vehicle,1,10,0.0,0.0,37.65300000000001
vehicle,1,11,0.0,0.0,37.915499999999994
vehicle,1,12,0.0,0.0,38.48600000000002
vehicle,1,13,0.0,0.0,38.95500000000001
vehicle,1,14,0.0,0.0,39.326000000000015
vehicle,1,15,0.0,0.0,39.2105
vehicle,1,16,0.0,0.0,39.669000000000004
vehicle,1,17,0.0,0.0,40.168126585884394
vehicle,1,18,194.53594991688252,0.0,40.79775000000001
vehicle,1,19,360.9076701700067,0.0,42.05250000000001
vehicle,1,20,0.0,0.0,43.12525000000001
vehicle,1,21,0.0,0.0,41.97025000000001
vehicle,1,22,0.0,0.0,39.47824999999999
vehicle,1,23,0.0,0.0,36.820105000000005
vehicle,1,24,0.0,0.0,34.970355000000005
vehicle,1,25,307.1572997619227,0.0,34.044139832033856
wind,1,1,4793.76756159292,0.0,0.0
wind,1,2,3938.1337672566365,0.0,0.0
wind,1,3,3573.2628302654866,0.0,0.0
wind,1,4,2473.086552212389,0.0,0.0
wind,1,5,1412.1964784070794,0.0,0.0
wind,1,6,760.7185391150441,0.0,0.0
wind,1,7,364.2571290265486,0.0,0.0
wind,1,8,250.5141907964602,0.0,0.0
wind,1,9,200.62788212389378,0.0,0.0
wind,1,10,269.24764141592914,0.0,0.0
wind,1,11,568.7337440707963,0.0,0.0
wind,1,12,1150.2954939823005,0.0,0.0
wind,1,13,1535.5257451327432,0.0,0.0
wind,1,14,2409.1297980530967,0.0,0.0
wind,1,15,3163.2440846017694,0.0,0.0
wind,1,16,3344.534729203541,0.0,0.0
wind,1,17,3627.479628318583,0.0,0.0
wind,1,18,3237.027500707964,0.0,0.0
wind,1,19,2590.663155929203,0.0,0.0
wind,1,20,2508.949180353982,0.0,0.0
wind,1,21,2427.042381769911,0.0,0.0
wind,1,22,2597.257717168141,0.0,0.0
wind,1,23,3495.9616630088494,0.0,0.0
wind,1,24,3286.7469350442475,0.0,0.0
wind,1,25,3118.0233185840702,0.0,0.0
