Generator,Day,Hour,On
10034_G_GEN1,1,1,1.0
10034_G_GEN1,1,2,1.0
10034_G_GEN1,1,3,1.0
10034_G_GEN1,1,4,1.0
10034_G_GEN1,1,5,1.0
10034_G_GEN1,1,6,1.0
10034_G_GEN1,1,7,1.0
10034_G_GEN1,1,8,1.0
10034_G_GEN1,1,9,1.0
10034_G_GEN1,1,10,1.0
10034_G_GEN1,1,11,1.0
10034_G_GEN1,1,12,1.0
10034_G_GEN1,1,13,1.0
10034_G_GEN1,1,14,1.0
10034_G_GEN1,1,15,1.0
10034_G_GEN1,1,16,1.0
10034_G_GEN1,1,17,1.0
10034_G_GEN1,1,18,1.0
10034_G_GEN1,1,19,1.0
10034_G_GEN1,1,20,1.0
10034_G_GEN1,1,21,1.0
10034_G_GEN1,1,22,1.0
10034_G_GEN1,1,23,1.0
10034_G_GEN1,1,24,1.0
10034_G_GEN1,1,25,1.0
10034_G_GEN2,1,1,1.0
10034_G_GEN2,1,2,1.0
10034_G_GEN2,1,3,1.0
10034_G_GEN2,1,4,1.0
10034_G_GEN2,1,5,1.0
10034_G_GEN2,1,6,1.0
10034_G_GEN2,1,7,1.0
10034_G_GEN2,1,8,1.0
10034_G_GEN2,1,9,1.0
10034_G_GEN2,1,10,1.0
10034_G_GEN2,1,11,1.0
10034_G_GEN2,1,12,1.0
10034_G_GEN2,1,13,1.0
10034_G_GEN2,1,14,1.0
10034_G_GEN2,1,15,1.0
10034_G_GEN2,1,16,1.0
10034_G_GEN2,1,17,1.0
10034_G_GEN2,1,18,1.0
10034_G_GEN2,1,19,1.0
10034_G_GEN2,1,20,1.0
10034_G_GEN2,1,21,1.0
10034_G_GEN2,1,22,1.0
10034_G_GEN2,1,23,1.0
10034_G_GEN2,1,24,1.0
10034_G_GEN2,1,25,1.0
10156_G_GEN2,1,1,1.0
10156_G_GEN2,1,2,1.0
10156_G_GEN2,1,3,1.0
10156_G_GEN2,1,4,1.0
10156_G_GEN2,1,5,1.0
10156_G_GEN2,1,6,1.0
10156_G_GEN2,1,7,1.0
10156_G_GEN2,1,8,1.0
10156_G_GEN2,1,9,1.0
10156_G_GEN2,1,10,1.0
10156_G_GEN2,1,11,1.0
10156_G_GEN2,1,12,1.0
10156_G_GEN2,1,13,1.0
10156_G_GEN2,1,14,1.0
10156_G_GEN2,1,15,1.0
10156_G_GEN2,1,16,1.0
10156_G_GEN2,1,17,1.0
10156_G_GEN2,1,18,1.0
10156_G_GEN2,1,19,1.0
10156_G_GEN2,1,20,1.0
10156_G_GEN2,1,21,1.0
10156_G_GEN2,1,22,1.0
10156_G_GEN2,1,23,1.0
10156_G_GEN2,1,24,1.0
10156_G_GEN2,1,25,0.0
10156_G_GEN4,1,1,1.0
10156_G_GEN4,1,2,1.0
10156_G_GEN4,1,3,1.0
10156_G_GEN4,1,4,1.0
10156_G_GEN4,1,5,1.0
10156_G_GEN4,1,6,1.0
10156_G_GEN4,1,7,1.0
10156_G_GEN4,1,8,1.0
10156_G_GEN4,1,9,1.0
10156_G_GEN4,1,10,1.0
10156_G_GEN4,1,11,1.0
10156_G_GEN4,1,12,1.0
10156_G_GEN4,1,13,1.0
10156_G_GEN4,1,14,1.0
10156_G_GEN4,1,15,1.0
10156_G_GEN4,1,16,1.0
10156_G_GEN4,1,17,1.0
10156_G_GEN4,1,18,1.0
10156_G_GEN4,1,19,1.0
10156_G_GEN4,1,20,1.0
10156_G_GEN4,1,21,1.0
10156_G_GEN4,1,22,1.0
10156_G_GEN4,1,23,1.0
10156_G_GEN4,1,24,1.0
10156_G_GEN4,1,25,-0.0
10175_G_0799,1,1,-0.0
10175_G_0799,1,2,-0.0
10175_G_0799,1,3,-0.0
10175_G_0799,1,4,-0.0
10175_G_0799,1,5,-0.0
10175_G_0799,1,6,-0.0
10175_G_0799,1,7,-0.0
10175_G_0799,1,8,-0.0
10175_G_0799,1,9,-0.0
10175_G_0799,1,10,-0.0
10175_G_0799,1,11,-0.0
10175_G_0799,1,12,-0.0
10175_G_0799,1,13,-0.0
10175_G_0799,1,14,-0.0
10175_G_0799,1,15,-0.0
10175_G_0799,1,16,-0.0
10175_G_0799,1,17,-0.0
10175_G_0799,1,18,-0.0
10175_G_0799,1,19,-0.0
10175_G_0799,1,20,0.0
10175_G_0799,1,21,0.0
10175_G_0799,1,22,0.0
10175_G_0799,1,23,0.0
10175_G_0799,1,24,0.0
10175_G_0799,1,25,-0.0
10213_G_GEN1,1,1,1.0
10213_G_GEN1,1,2,1.0
10213_G_GEN1,1,3,1.0
10213_G_GEN1,1,4,1.0
10213_G_GEN1,1,5,1.0
10213_G_GEN1,1,6,1.0
10213_G_GEN1,1,7,1.0
10213_G_GEN1,1,8,1.0
10213_G_GEN1,1,9,1.0
10213_G_GEN1,1,10,1.0
10213_G_GEN1,1,11,1.0
10213_G_GEN1,1,12,1.0
10213_G_GEN1,1,13,1.0
10213_G_GEN1,1,14,1.0
10213_G_GEN1,1,15,1.0
10213_G_GEN1,1,16,1.0
10213_G_GEN1,1,17,1.0
10213_G_GEN1,1,18,1.0
10213_G_GEN1,1,19,1.0
10213_G_GEN1,1,20,1.0
10213_G_GEN1,1,21,1.0
10213_G_GEN1,1,22,1.0
10213_G_GEN1,1,23,1.0
10213_G_GEN1,1,24,1.0
10213_G_GEN1,1,25,-0.0
10213_G_GEN2,1,1,1.0
10213_G_GEN2,1,2,1.0
10213_G_GEN2,1,3,1.0
10213_G_GEN2,1,4,1.0
10213_G_GEN2,1,5,1.0
10213_G_GEN2,1,6,1.0
10213_G_GEN2,1,7,1.0
10213_G_GEN2,1,8,1.0
10213_G_GEN2,1,9,1.0
10213_G_GEN2,1,10,1.0
10213_G_GEN2,1,11,1.0
10213_G_GEN2,1,12,1.0
10213_G_GEN2,1,13,1.0
10213_G_GEN2,1,14,1.0
10213_G_GEN2,1,15,1.0
10213_G_GEN2,1,16,1.0
10213_G_GEN2,1,17,1.0
10213_G_GEN2,1,18,1.0
10213_G_GEN2,1,19,1.0
10213_G_GEN2,1,20,1.0
10213_G_GEN2,1,21,1.0
10213_G_GEN2,1,22,1.0
10213_G_GEN2,1,23,1.0
10213_G_GEN2,1,24,1.0
10213_G_GEN2,1,25,-0.0
10213_G_GEN5,1,1,1.0
10213_G_GEN5,1,2,1.0
10213_G_GEN5,1,3,1.0
10213_G_GEN5,1,4,1.0
10213_G_GEN5,1,5,1.0
10213_G_GEN5,1,6,1.0
10213_G_GEN5,1,7,1.0
10213_G_GEN5,1,8,1.0
10213_G_GEN5,1,9,1.0
10213_G_GEN5,1,10,1.0
10213_G_GEN5,1,11,1.0
10213_G_GEN5,1,12,1.0
10213_G_GEN5,1,13,1.0
10213_G_GEN5,1,14,1.0
10213_G_GEN5,1,15,1.0
10213_G_GEN5,1,16,1.0
10213_G_GEN5,1,17,1.0
10213_G_GEN5,1,18,1.0
10213_G_GEN5,1,19,1.0
10213_G_GEN5,1,20,1.0
10213_G_GEN5,1,21,1.0
10213_G_GEN5,1,22,1.0
10213_G_GEN5,1,23,1.0
10213_G_GEN5,1,24,1.0
10213_G_GEN5,1,25,-0.0
10213_G_GEN6,1,1,1.0
10213_G_GEN6,1,2,1.0
10213_G_GEN6,1,3,1.0
10213_G_GEN6,1,4,1.0
10213_G_GEN6,1,5,1.0
10213_G_GEN6,1,6,1.0
10213_G_GEN6,1,7,1.0
10213_G_GEN6,1,8,1.0
10213_G_GEN6,1,9,1.0
10213_G_GEN6,1,10,1.0
10213_G_GEN6,1,11,1.0
10213_G_GEN6,1,12,1.0
10213_G_GEN6,1,13,1.0
10213_G_GEN6,1,14,1.0
10213_G_GEN6,1,15,1.0
10213_G_GEN6,1,16,1.0
10213_G_GEN6,1,17,1.0
10213_G_GEN6,1,18,1.0
10213_G_GEN6,1,19,1.0
10213_G_GEN6,1,20,1.0
10213_G_GEN6,1,21,1.0
10213_G_GEN6,1,22,1.0
10213_G_GEN6,1,23,1.0
10213_G_GEN6,1,24,1.0
10213_G_GEN6,1,25,-0.0
10213_G_GEN7,1,1,1.0
10213_G_GEN7,1,2,1.0
10213_G_GEN7,1,3,1.0
10213_G_GEN7,1,4,1.0
10213_G_GEN7,1,5,1.0
10213_G_GEN7,1,6,1.0
10213_G_GEN7,1,7,1.0
10213_G_GEN7,1,8,1.0
10213_G_GEN7,1,9,1.0
10213_G_GEN7,1,10,1.0
10213_G_GEN7,1,11,1.0
10213_G_GEN7,1,12,1.0
10213_G_GEN7,1,13,1.0
10213_G_GEN7,1,14,1.0
10213_G_GEN7,1,15,1.0
10213_G_GEN7,1,16,1.0
10213_G_GEN7,1,17,1.0
10213_G_GEN7,1,18,1.0
10213_G_GEN7,1,19,1.0
10213_G_GEN7,1,20,1.0
10213_G_GEN7,1,21,1.0
10213_G_GEN7,1,22,1.0
10213_G_GEN7,1,23,1.0
10213_G_GEN7,1,24,1.0
10213_G_GEN7,1,25,1.0
10213_G_GEN8,1,1,1.0
10213_G_GEN8,1,2,1.0
10213_G_GEN8,1,3,1.0
10213_G_GEN8,1,4,1.0
10213_G_GEN8,1,5,1.0
10213_G_GEN8,1,6,1.0
10213_G_GEN8,1,7,1.0
10213_G_GEN8,1,8,1.0
10213_G_GEN8,1,9,1.0
10213_G_GEN8,1,10,1.0
10213_G_GEN8,1,11,1.0
10213_G_GEN8,1,12,1.0
10213_G_GEN8,1,13,1.0
10213_G_GEN8,1,14,1.0
10213_G_GEN8,1,15,1.0
10213_G_GEN8,1,16,1.0
10213_G_GEN8,1,17,1.0
10213_G_GEN8,1,18,1.0
10213_G_GEN8,1,19,1.0
10213_G_GEN8,1,20,1.0
10213_G_GEN8,1,21,1.0
10213_G_GEN8,1,22,1.0
10213_G_GEN8,1,23,1.0
10213_G_GEN8,1,24,1.0
10213_G_GEN8,1,25,1.0
10294_G_GTG,1,1,1.0
10294_G_GTG,1,2,1.0
10294_G_GTG,1,3,1.0
10294_G_GTG,1,4,1.0
10294_G_GTG,1,5,1.0
10294_G_GTG,1,6,1.0
10294_G_GTG,1,7,1.0
10294_G_GTG,1,8,1.0
10294_G_GTG,1,9,1.0
10294_G_GTG,1,10,1.0
10294_G_GTG,1,11,1.0
10294_G_GTG,1,12,1.0
10294_G_GTG,1,13,1.0
10294_G_GTG,1,14,1.0
10294_G_GTG,1,15,1.0
10294_G_GTG,1,16,1.0
10294_G_GTG,1,17,1.0
10294_G_GTG,1,18,1.0
10294_G_GTG,1,19,1.0
10294_G_GTG,1,20,1.0
10294_G_GTG,1,21,1.0
10294_G_GTG,1,22,1.0
10294_G_GTG,1,23,1.0
10294_G_GTG,1,24,1.0
10294_G_GTG,1,25,1.0
10294_G_STG,1,1,1.0
10294_G_STG,1,2,1.0
10294_G_STG,1,3,1.0
10294_G_STG,1,4,1.0
10294_G_STG,1,5,1.0
10294_G_STG,1,6,1.0
10294_G_STG,1,7,1.0
10294_G_STG,1,8,1.0
10294_G_STG,1,9,1.0
10294_G_STG,1,10,1.0
10294_G_STG,1,11,1.0
10294_G_STG,1,12,1.0
10294_G_STG,1,13,1.0
10294_G_STG,1,14,1.0
10294_G_STG,1,15,1.0
10294_G_STG,1,16,1.0
10294_G_STG,1,17,1.0
10294_G_STG,1,18,1.0
10294_G_STG,1,19,1.0
10294_G_STG,1,20,1.0
10294_G_STG,1,21,1.0
10294_G_STG,1,22,1.0
10294_G_STG,1,23,1.0
10294_G_STG,1,24,1.0
10294_G_STG,1,25,1.0
10342_G_TG1,1,1,1.0
10342_G_TG1,1,2,1.0
10342_G_TG1,1,3,1.0
10342_G_TG1,1,4,1.0
10342_G_TG1,1,5,1.0
10342_G_TG1,1,6,1.0
10342_G_TG1,1,7,1.0
10342_G_TG1,1,8,1.0
10342_G_TG1,1,9,1.0
10342_G_TG1,1,10,1.0
10342_G_TG1,1,11,1.0
10342_G_TG1,1,12,1.0
10342_G_TG1,1,13,1.0
10342_G_TG1,1,14,1.0
10342_G_TG1,1,15,1.0
10342_G_TG1,1,16,1.0
10342_G_TG1,1,17,1.0
10342_G_TG1,1,18,1.0
10342_G_TG1,1,19,1.0
10342_G_TG1,1,20,1.0
10342_G_TG1,1,21,1.0
10342_G_TG1,1,22,1.0
10342_G_TG1,1,23,1.0
10342_G_TG1,1,24,1.0
10342_G_TG1,1,25,1.0
10342_G_TG2,1,1,1.0
10342_G_TG2,1,2,1.0
10342_G_TG2,1,3,1.0
10342_G_TG2,1,4,1.0
10342_G_TG2,1,5,1.0
10342_G_TG2,1,6,1.0
10342_G_TG2,1,7,1.0
10342_G_TG2,1,8,1.0
10342_G_TG2,1,9,1.0
10342_G_TG2,1,10,1.0
10342_G_TG2,1,11,1.0
10342_G_TG2,1,12,1.0
10342_G_TG2,1,13,1.0
10342_G_TG2,1,14,1.0
10342_G_TG2,1,15,1.0
10342_G_TG2,1,16,1.0
10342_G_TG2,1,17,1.0
10342_G_TG2,1,18,1.0
10342_G_TG2,1,19,1.0
10342_G_TG2,1,20,1.0
10342_G_TG2,1,21,1.0
10342_G_TG2,1,22,1.0
10342_G_TG2,1,23,1.0
10342_G_TG2,1,24,1.0
10342_G_TG2,1,25,1.0
10342_G_TG3,1,1,1.0
10342_G_TG3,1,2,1.0
10342_G_TG3,1,3,1.0
10342_G_TG3,1,4,1.0
10342_G_TG3,1,5,1.0
10342_G_TG3,1,6,1.0
10342_G_TG3,1,7,1.0
10342_G_TG3,1,8,1.0
10342_G_TG3,1,9,1.0
10342_G_TG3,1,10,1.0
10342_G_TG3,1,11,1.0
10342_G_TG3,1,12,1.0
10342_G_TG3,1,13,1.0
10342_G_TG3,1,14,1.0
10342_G_TG3,1,15,1.0
10342_G_TG3,1,16,1.0
10342_G_TG3,1,17,1.0
10342_G_TG3,1,18,1.0
10342_G_TG3,1,19,1.0
10342_G_TG3,1,20,1.0
10342_G_TG3,1,21,1.0
10342_G_TG3,1,22,1.0
10342_G_TG3,1,23,1.0
10342_G_TG3,1,24,1.0
10342_G_TG3,1,25,1.0
10405_G_GEN1,1,1,1.0
10405_G_GEN1,1,2,1.0
10405_G_GEN1,1,3,1.0
10405_G_GEN1,1,4,1.0
10405_G_GEN1,1,5,1.0
10405_G_GEN1,1,6,1.0
10405_G_GEN1,1,7,1.0
10405_G_GEN1,1,8,1.0
10405_G_GEN1,1,9,1.0
10405_G_GEN1,1,10,1.0
10405_G_GEN1,1,11,1.0
10405_G_GEN1,1,12,1.0
10405_G_GEN1,1,13,1.0
10405_G_GEN1,1,14,1.0
10405_G_GEN1,1,15,1.0
10405_G_GEN1,1,16,1.0
10405_G_GEN1,1,17,1.0
10405_G_GEN1,1,18,1.0
10405_G_GEN1,1,19,1.0
10405_G_GEN1,1,20,1.0
10405_G_GEN1,1,21,0.9999996499759328
10405_G_GEN1,1,22,-0.0
10405_G_GEN1,1,23,-0.0
10405_G_GEN1,1,24,-0.0
10405_G_GEN1,1,25,-0.0
10405_G_GEN2,1,1,0.0
10405_G_GEN2,1,2,0.0
10405_G_GEN2,1,3,0.0
10405_G_GEN2,1,4,0.0
10405_G_GEN2,1,5,0.0
10405_G_GEN2,1,6,0.0
10405_G_GEN2,1,7,0.0
10405_G_GEN2,1,8,0.0
10405_G_GEN2,1,9,0.0
10405_G_GEN2,1,10,0.0
10405_G_GEN2,1,11,0.0
10405_G_GEN2,1,12,0.0
10405_G_GEN2,1,13,0.0
10405_G_GEN2,1,14,0.0
10405_G_GEN2,1,15,0.0
10405_G_GEN2,1,16,0.0
10405_G_GEN2,1,17,0.0
10405_G_GEN2,1,18,1.0
10405_G_GEN2,1,19,1.0
10405_G_GEN2,1,20,1.0
10405_G_GEN2,1,21,1.0
10405_G_GEN2,1,22,1.0
10405_G_GEN2,1,23,-0.0
10405_G_GEN2,1,24,-0.0
10405_G_GEN2,1,25,-0.0
10479_G_T101,1,1,1.0
10479_G_T101,1,2,1.0
10479_G_T101,1,3,1.0
10479_G_T101,1,4,1.0
10479_G_T101,1,5,1.0
10479_G_T101,1,6,1.0
10479_G_T101,1,7,1.0
10479_G_T101,1,8,1.0
10479_G_T101,1,9,1.0
10479_G_T101,1,10,1.0
10479_G_T101,1,11,1.0
10479_G_T101,1,12,1.0
10479_G_T101,1,13,1.0
10479_G_T101,1,14,1.0
10479_G_T101,1,15,1.0
10479_G_T101,1,16,1.0
10479_G_T101,1,17,1.0
10479_G_T101,1,18,1.0
10479_G_T101,1,19,1.0
10479_G_T101,1,20,1.0
10479_G_T101,1,21,1.0
10479_G_T101,1,22,1.0
10479_G_T101,1,23,1.0
10479_G_T101,1,24,1.0
10479_G_T101,1,25,1.0
10479_G_T102,1,1,1.0
10479_G_T102,1,2,1.0
10479_G_T102,1,3,1.0
10479_G_T102,1,4,1.0
10479_G_T102,1,5,1.0
10479_G_T102,1,6,1.0
10479_G_T102,1,7,1.0
10479_G_T102,1,8,1.0
10479_G_T102,1,9,1.0
10479_G_T102,1,10,1.0
10479_G_T102,1,11,1.0
10479_G_T102,1,12,1.0
10479_G_T102,1,13,1.0
10479_G_T102,1,14,1.0
10479_G_T102,1,15,1.0
10479_G_T102,1,16,1.0
10479_G_T102,1,17,1.0
10479_G_T102,1,18,1.0
10479_G_T102,1,19,1.0
10479_G_T102,1,20,1.0
10479_G_T102,1,21,1.0
10479_G_T102,1,22,1.0
10479_G_T102,1,23,1.0
10479_G_T102,1,24,1.0
10479_G_T102,1,25,1.0
10479_G_T103,1,1,1.0
10479_G_T103,1,2,1.0
10479_G_T103,1,3,1.0
10479_G_T103,1,4,1.0
10479_G_T103,1,5,1.0
10479_G_T103,1,6,1.0
10479_G_T103,1,7,1.0
10479_G_T103,1,8,1.0
10479_G_T103,1,9,1.0
10479_G_T103,1,10,1.0
10479_G_T103,1,11,1.0
10479_G_T103,1,12,1.0
10479_G_T103,1,13,1.0
10479_G_T103,1,14,1.0
10479_G_T103,1,15,1.0
10479_G_T103,1,16,1.0
10479_G_T103,1,17,1.0
10479_G_T103,1,18,1.0
10479_G_T103,1,19,1.0
10479_G_T103,1,20,1.0
10479_G_T103,1,21,1.0
10479_G_T103,1,22,1.0
10479_G_T103,1,23,1.0
10479_G_T103,1,24,1.0
10479_G_T103,1,25,1.0
10480_G_GEN1,1,1,1.0
10480_G_GEN1,1,2,1.0
10480_G_GEN1,1,3,1.0
10480_G_GEN1,1,4,1.0
10480_G_GEN1,1,5,1.0
10480_G_GEN1,1,6,1.0
10480_G_GEN1,1,7,1.0
10480_G_GEN1,1,8,1.0
10480_G_GEN1,1,9,1.0
10480_G_GEN1,1,10,1.0
10480_G_GEN1,1,11,1.0
10480_G_GEN1,1,12,1.0
10480_G_GEN1,1,13,1.0
10480_G_GEN1,1,14,1.0
10480_G_GEN1,1,15,1.0
10480_G_GEN1,1,16,1.0
10480_G_GEN1,1,17,1.0
10480_G_GEN1,1,18,1.0
10480_G_GEN1,1,19,1.0
10480_G_GEN1,1,20,1.0
10480_G_GEN1,1,21,1.0
10480_G_GEN1,1,22,1.0
10480_G_GEN1,1,23,1.0
10480_G_GEN1,1,24,1.0
10480_G_GEN1,1,25,1.0
10480_G_GEN2,1,1,1.0
10480_G_GEN2,1,2,1.0
10480_G_GEN2,1,3,1.0
10480_G_GEN2,1,4,1.0
10480_G_GEN2,1,5,1.0
10480_G_GEN2,1,6,1.0
10480_G_GEN2,1,7,1.0
10480_G_GEN2,1,8,1.0
10480_G_GEN2,1,9,1.0
10480_G_GEN2,1,10,1.0
10480_G_GEN2,1,11,1.0
10480_G_GEN2,1,12,1.0
10480_G_GEN2,1,13,1.0
10480_G_GEN2,1,14,1.0
10480_G_GEN2,1,15,1.0
10480_G_GEN2,1,16,1.0
10480_G_GEN2,1,17,1.0
10480_G_GEN2,1,18,1.0
10480_G_GEN2,1,19,1.0
10480_G_GEN2,1,20,1.0
10480_G_GEN2,1,21,1.0
10480_G_GEN2,1,22,1.0
10480_G_GEN2,1,23,1.0
10480_G_GEN2,1,24,1.0
10480_G_GEN2,1,25,1.0
10481_G_1,1,1,1.0
10481_G_1,1,2,1.0
10481_G_1,1,3,1.0
10481_G_1,1,4,1.0
10481_G_1,1,5,1.0
10481_G_1,1,6,1.0
10481_G_1,1,7,1.0
10481_G_1,1,8,1.0
10481_G_1,1,9,1.0
10481_G_1,1,10,1.0
10481_G_1,1,11,1.0
10481_G_1,1,12,1.0
10481_G_1,1,13,1.0
10481_G_1,1,14,1.0
10481_G_1,1,15,1.0
10481_G_1,1,16,1.0
10481_G_1,1,17,1.0
10481_G_1,1,18,1.0
10481_G_1,1,19,1.0
10481_G_1,1,20,1.0
10481_G_1,1,21,1.0
10481_G_1,1,22,1.0
10481_G_1,1,23,1.0
10481_G_1,1,24,1.0
10481_G_1,1,25,1.0
10481_G_2,1,1,1.0
10481_G_2,1,2,1.0
10481_G_2,1,3,1.0
10481_G_2,1,4,1.0
10481_G_2,1,5,1.0
10481_G_2,1,6,1.0
10481_G_2,1,7,1.0
10481_G_2,1,8,1.0
10481_G_2,1,9,1.0
10481_G_2,1,10,1.0
10481_G_2,1,11,1.0
10481_G_2,1,12,1.0
10481_G_2,1,13,1.0
10481_G_2,1,14,1.0
10481_G_2,1,15,1.0
10481_G_2,1,16,1.0
10481_G_2,1,17,1.0
10481_G_2,1,18,1.0
10481_G_2,1,19,1.0
10481_G_2,1,20,1.0
10481_G_2,1,21,1.0
10481_G_2,1,22,1.0
10481_G_2,1,23,1.0
10481_G_2,1,24,1.0
10481_G_2,1,25,1.0
10481_G_3,1,1,1.0
10481_G_3,1,2,1.0
10481_G_3,1,3,1.0
10481_G_3,1,4,1.0
10481_G_3,1,5,1.0
10481_G_3,1,6,1.0
10481_G_3,1,7,1.0
10481_G_3,1,8,1.0
10481_G_3,1,9,1.0
10481_G_3,1,10,1.0
10481_G_3,1,11,1.0
10481_G_3,1,12,1.0
10481_G_3,1,13,1.0
10481_G_3,1,14,1.0
10481_G_3,1,15,1.0
10481_G_3,1,16,1.0
10481_G_3,1,17,1.0
10481_G_3,1,18,1.0
10481_G_3,1,19,1.0
10481_G_3,1,20,1.0
10481_G_3,1,21,1.0
10481_G_3,1,22,1.0
10481_G_3,1,23,1.0
10481_G_3,1,24,1.0
10481_G_3,1,25,1.0
10623_G_GEN1,1,1,1.0
10623_G_GEN1,1,2,1.0
10623_G_GEN1,1,3,1.0
10623_G_GEN1,1,4,1.0
10623_G_GEN1,1,5,1.0
10623_G_GEN1,1,6,1.0
10623_G_GEN1,1,7,1.0
10623_G_GEN1,1,8,1.0
10623_G_GEN1,1,9,1.0
10623_G_GEN1,1,10,1.0
10623_G_GEN1,1,11,1.0
10623_G_GEN1,1,12,1.0
10623_G_GEN1,1,13,1.0
10623_G_GEN1,1,14,1.0
10623_G_GEN1,1,15,1.0
10623_G_GEN1,1,16,1.0
10623_G_GEN1,1,17,1.0
10623_G_GEN1,1,18,1.0
10623_G_GEN1,1,19,1.0
10623_G_GEN1,1,20,1.0
10623_G_GEN1,1,21,1.0
10623_G_GEN1,1,22,1.0
10623_G_GEN1,1,23,0.0
10623_G_GEN1,1,24,-0.0
10623_G_GEN1,1,25,-0.0
10623_G_GEN2,1,1,1.0
10623_G_GEN2,1,2,1.0
10623_G_GEN2,1,3,1.0
10623_G_GEN2,1,4,1.0
10623_G_GEN2,1,5,1.0
10623_G_GEN2,1,6,1.0
10623_G_GEN2,1,7,1.0
10623_G_GEN2,1,8,1.0
10623_G_GEN2,1,9,1.0
10623_G_GEN2,1,10,1.0
10623_G_GEN2,1,11,1.0
10623_G_GEN2,1,12,1.0
10623_G_GEN2,1,13,1.0
10623_G_GEN2,1,14,1.0
10623_G_GEN2,1,15,1.0
10623_G_GEN2,1,16,1.0
10623_G_GEN2,1,17,1.0
10623_G_GEN2,1,18,1.0
10623_G_GEN2,1,19,1.0
10623_G_GEN2,1,20,1.0
10623_G_GEN2,1,21,1.0
10623_G_GEN2,1,22,0.0
10623_G_GEN2,1,23,0.0
10623_G_GEN2,1,24,-0.0
10623_G_GEN2,1,25,-0.0
10631_G_GEN1,1,1,1.0
10631_G_GEN1,1,2,1.0
10631_G_GEN1,1,3,1.0
10631_G_GEN1,1,4,1.0
10631_G_GEN1,1,5,1.0
10631_G_GEN1,1,6,1.0
10631_G_GEN1,1,7,1.0
10631_G_GEN1,1,8,1.0
10631_G_GEN1,1,9,1.0
10631_G_GEN1,1,10,1.0
10631_G_GEN1,1,11,1.0
10631_G_GEN1,1,12,1.0
10631_G_GEN1,1,13,1.0
10631_G_GEN1,1,14,1.0
10631_G_GEN1,1,15,1.0
10631_G_GEN1,1,16,1.0
10631_G_GEN1,1,17,1.0
10631_G_GEN1,1,18,1.0
10631_G_GEN1,1,19,1.0
10631_G_GEN1,1,20,1.0
10631_G_GEN1,1,21,1.0
10631_G_GEN1,1,22,1.0
10631_G_GEN1,1,23,1.0
10631_G_GEN1,1,24,1.0
10631_G_GEN1,1,25,1.0
10632_G_GEN1,1,1,1.0
10632_G_GEN1,1,2,1.0
10632_G_GEN1,1,3,1.0
10632_G_GEN1,1,4,1.0
10632_G_GEN1,1,5,1.0
10632_G_GEN1,1,6,1.0
10632_G_GEN1,1,7,1.0
10632_G_GEN1,1,8,1.0
10632_G_GEN1,1,9,1.0
10632_G_GEN1,1,10,1.0
10632_G_GEN1,1,11,1.0
10632_G_GEN1,1,12,1.0
10632_G_GEN1,1,13,1.0
10632_G_GEN1,1,14,1.0
10632_G_GEN1,1,15,1.0
10632_G_GEN1,1,16,1.0
10632_G_GEN1,1,17,1.0
10632_G_GEN1,1,18,1.0
10632_G_GEN1,1,19,1.0
10632_G_GEN1,1,20,1.0
10632_G_GEN1,1,21,1.0
10632_G_GEN1,1,22,1.0
10632_G_GEN1,1,23,1.0
10632_G_GEN1,1,24,1.0
10632_G_GEN1,1,25,1.0
10634_G_GEN1,1,1,1.0
10634_G_GEN1,1,2,1.0
10634_G_GEN1,1,3,1.0
10634_G_GEN1,1,4,1.0
10634_G_GEN1,1,5,1.0
10634_G_GEN1,1,6,1.0
10634_G_GEN1,1,7,1.0
10634_G_GEN1,1,8,1.0
10634_G_GEN1,1,9,1.0
10634_G_GEN1,1,10,1.0
10634_G_GEN1,1,11,1.0
10634_G_GEN1,1,12,1.0
10634_G_GEN1,1,13,1.0
10634_G_GEN1,1,14,1.0
10634_G_GEN1,1,15,1.0
10634_G_GEN1,1,16,1.0
10634_G_GEN1,1,17,1.0
10634_G_GEN1,1,18,1.0
10634_G_GEN1,1,19,1.0
10634_G_GEN1,1,20,1.0
10634_G_GEN1,1,21,1.0
10634_G_GEN1,1,22,1.0
10634_G_GEN1,1,23,1.0
10634_G_GEN1,1,24,1.0
10634_G_GEN1,1,25,1.0
10759_G_GEN1,1,1,1.0
10759_G_GEN1,1,2,1.0
10759_G_GEN1,1,3,1.0
10759_G_GEN1,1,4,1.0
10759_G_GEN1,1,5,1.0
10759_G_GEN1,1,6,1.0
10759_G_GEN1,1,7,1.0
10759_G_GEN1,1,8,1.0
10759_G_GEN1,1,9,1.0
10759_G_GEN1,1,10,1.0
10759_G_GEN1,1,11,1.0
10759_G_GEN1,1,12,1.0
10759_G_GEN1,1,13,1.0
10759_G_GEN1,1,14,1.0
10759_G_GEN1,1,15,1.0
10759_G_GEN1,1,16,1.0
10759_G_GEN1,1,17,1.0
10759_G_GEN1,1,18,1.0
10759_G_GEN1,1,19,1.0
10759_G_GEN1,1,20,1.0
10759_G_GEN1,1,21,1.0
10759_G_GEN1,1,22,1.0
10759_G_GEN1,1,23,1.0
10759_G_GEN1,1,24,1.0
10759_G_GEN1,1,25,1.0
10763_G_GBU,1,1,1.0
10763_G_GBU,1,2,1.0
10763_G_GBU,1,3,1.0
10763_G_GBU,1,4,1.0
10763_G_GBU,1,5,1.0
10763_G_GBU,1,6,1.0
10763_G_GBU,1,7,1.0
10763_G_GBU,1,8,1.0
10763_G_GBU,1,9,1.0
10763_G_GBU,1,10,1.0
10763_G_GBU,1,11,1.0
10763_G_GBU,1,12,1.0
10763_G_GBU,1,13,1.0
10763_G_GBU,1,14,1.0
10763_G_GBU,1,15,1.0
10763_G_GBU,1,16,1.0
10763_G_GBU,1,17,1.0
10763_G_GBU,1,18,1.0
10763_G_GBU,1,19,1.0
10763_G_GBU,1,20,1.0
10763_G_GBU,1,21,1.0
10763_G_GBU,1,22,1.0
10763_G_GBU,1,23,1.0
10763_G_GBU,1,24,1.0
10763_G_GBU,1,25,1.0
10763_G_GEN1,1,1,1.0
10763_G_GEN1,1,2,1.0
10763_G_GEN1,1,3,1.0
10763_G_GEN1,1,4,1.0
10763_G_GEN1,1,5,1.0
10763_G_GEN1,1,6,1.0
10763_G_GEN1,1,7,1.0
10763_G_GEN1,1,8,1.0
10763_G_GEN1,1,9,1.0
10763_G_GEN1,1,10,1.0
10763_G_GEN1,1,11,1.0
10763_G_GEN1,1,12,1.0
10763_G_GEN1,1,13,1.0
10763_G_GEN1,1,14,1.0
10763_G_GEN1,1,15,1.0
10763_G_GEN1,1,16,1.0
10763_G_GEN1,1,17,1.0
10763_G_GEN1,1,18,1.0
10763_G_GEN1,1,19,1.0
10763_G_GEN1,1,20,1.0
10763_G_GEN1,1,21,1.0
10763_G_GEN1,1,22,1.0
10763_G_GEN1,1,23,1.0
10763_G_GEN1,1,24,1.0
10763_G_GEN1,1,25,1.0
10873_G_GEN1,1,1,1.0
10873_G_GEN1,1,2,1.0
10873_G_GEN1,1,3,1.0
10873_G_GEN1,1,4,1.0
10873_G_GEN1,1,5,1.0
10873_G_GEN1,1,6,1.0
10873_G_GEN1,1,7,1.0
10873_G_GEN1,1,8,1.0
10873_G_GEN1,1,9,1.0
10873_G_GEN1,1,10,1.0
10873_G_GEN1,1,11,1.0
10873_G_GEN1,1,12,1.0
10873_G_GEN1,1,13,1.0
10873_G_GEN1,1,14,1.0
10873_G_GEN1,1,15,1.0
10873_G_GEN1,1,16,1.0
10873_G_GEN1,1,17,1.0
10873_G_GEN1,1,18,1.0
10873_G_GEN1,1,19,1.0
10873_G_GEN1,1,20,1.0
10873_G_GEN1,1,21,1.0
10873_G_GEN1,1,22,1.0
10873_G_GEN1,1,23,1.0
10873_G_GEN1,1,24,1.0
10873_G_GEN1,1,25,1.0
10873_G_GEN2,1,1,1.0
10873_G_GEN2,1,2,1.0
10873_G_GEN2,1,3,1.0
10873_G_GEN2,1,4,1.0
10873_G_GEN2,1,5,1.0
10873_G_GEN2,1,6,1.0
10873_G_GEN2,1,7,1.0
10873_G_GEN2,1,8,1.0
10873_G_GEN2,1,9,1.0
10873_G_GEN2,1,10,1.0
10873_G_GEN2,1,11,1.0
10873_G_GEN2,1,12,1.0
10873_G_GEN2,1,13,1.0
10873_G_GEN2,1,14,1.0
10873_G_GEN2,1,15,1.0
10873_G_GEN2,1,16,1.0
10873_G_GEN2,1,17,1.0
10873_G_GEN2,1,18,1.0
10873_G_GEN2,1,19,1.0
10873_G_GEN2,1,20,1.0
10873_G_GEN2,1,21,1.0
10873_G_GEN2,1,22,1.0
10873_G_GEN2,1,23,1.0
10873_G_GEN2,1,24,1.0
10873_G_GEN2,1,25,1.0
10873_G_GEN3,1,1,1.0
10873_G_GEN3,1,2,1.0
10873_G_GEN3,1,3,1.0
10873_G_GEN3,1,4,1.0
10873_G_GEN3,1,5,1.0
10873_G_GEN3,1,6,1.0
10873_G_GEN3,1,7,1.0
10873_G_GEN3,1,8,1.0
10873_G_GEN3,1,9,1.0
10873_G_GEN3,1,10,1.0
10873_G_GEN3,1,11,1.0
10873_G_GEN3,1,12,1.0
10873_G_GEN3,1,13,1.0
10873_G_GEN3,1,14,1.0
10873_G_GEN3,1,15,1.0
10873_G_GEN3,1,16,1.0
10873_G_GEN3,1,17,1.0
10873_G_GEN3,1,18,1.0
10873_G_GEN3,1,19,1.0
10873_G_GEN3,1,20,1.0
10873_G_GEN3,1,21,1.0
10873_G_GEN3,1,22,1.0
10873_G_GEN3,1,23,1.0
10873_G_GEN3,1,24,1.0
10873_G_GEN3,1,25,1.0
10874_G_GEN4,1,1,1.0
10874_G_GEN4,1,2,1.0
10874_G_GEN4,1,3,1.0
10874_G_GEN4,1,4,1.0
10874_G_GEN4,1,5,1.0
10874_G_GEN4,1,6,1.0
10874_G_GEN4,1,7,1.0
10874_G_GEN4,1,8,1.0
10874_G_GEN4,1,9,1.0
10874_G_GEN4,1,10,1.0
10874_G_GEN4,1,11,1.0
10874_G_GEN4,1,12,1.0
10874_G_GEN4,1,13,1.0
10874_G_GEN4,1,14,1.0
10874_G_GEN4,1,15,1.0
10874_G_GEN4,1,16,1.0
10874_G_GEN4,1,17,1.0
10874_G_GEN4,1,18,1.0
10874_G_GEN4,1,19,1.0
10874_G_GEN4,1,20,1.0
10874_G_GEN4,1,21,1.0
10874_G_GEN4,1,22,1.0
10874_G_GEN4,1,23,1.0
10874_G_GEN4,1,24,1.0
10874_G_GEN4,1,25,1.0
10874_G_GEN5,1,1,1.0
10874_G_GEN5,1,2,1.0
10874_G_GEN5,1,3,1.0
10874_G_GEN5,1,4,1.0
10874_G_GEN5,1,5,1.0
10874_G_GEN5,1,6,1.0
10874_G_GEN5,1,7,1.0
10874_G_GEN5,1,8,1.0
10874_G_GEN5,1,9,1.0
10874_G_GEN5,1,10,1.0
10874_G_GEN5,1,11,1.0
10874_G_GEN5,1,12,1.0
10874_G_GEN5,1,13,1.0
10874_G_GEN5,1,14,1.0
10874_G_GEN5,1,15,1.0
10874_G_GEN5,1,16,1.0
10874_G_GEN5,1,17,1.0
10874_G_GEN5,1,18,1.0
10874_G_GEN5,1,19,1.0
10874_G_GEN5,1,20,1.0
10874_G_GEN5,1,21,1.0
10874_G_GEN5,1,22,1.0
10874_G_GEN5,1,23,1.0
10874_G_GEN5,1,24,1.0
10874_G_GEN5,1,25,1.0
10874_G_GEN6,1,1,1.0
10874_G_GEN6,1,2,1.0
10874_G_GEN6,1,3,1.0
10874_G_GEN6,1,4,1.0
10874_G_GEN6,1,5,1.0
10874_G_GEN6,1,6,1.0
10874_G_GEN6,1,7,1.0
10874_G_GEN6,1,8,1.0
10874_G_GEN6,1,9,1.0
10874_G_GEN6,1,10,1.0
10874_G_GEN6,1,11,1.0
10874_G_GEN6,1,12,1.0
10874_G_GEN6,1,13,1.0
10874_G_GEN6,1,14,1.0
10874_G_GEN6,1,15,1.0
10874_G_GEN6,1,16,1.0
10874_G_GEN6,1,17,1.0
10874_G_GEN6,1,18,1.0
10874_G_GEN6,1,19,1.0
10874_G_GEN6,1,20,1.0
10874_G_GEN6,1,21,1.0
10874_G_GEN6,1,22,1.0
10874_G_GEN6,1,23,1.0
10874_G_GEN6,1,24,1.0
10874_G_GEN6,1,25,1.0
10875_G_GEN7,1,1,1.0
10875_G_GEN7,1,2,1.0
10875_G_GEN7,1,3,1.0
10875_G_GEN7,1,4,1.0
10875_G_GEN7,1,5,1.0
10875_G_GEN7,1,6,1.0
10875_G_GEN7,1,7,1.0
10875_G_GEN7,1,8,1.0
10875_G_GEN7,1,9,1.0
10875_G_GEN7,1,10,1.0
10875_G_GEN7,1,11,1.0
10875_G_GEN7,1,12,1.0
10875_G_GEN7,1,13,1.0
10875_G_GEN7,1,14,1.0
10875_G_GEN7,1,15,1.0
10875_G_GEN7,1,16,1.0
10875_G_GEN7,1,17,1.0
10875_G_GEN7,1,18,1.0
10875_G_GEN7,1,19,1.0
10875_G_GEN7,1,20,1.0
10875_G_GEN7,1,21,1.0
10875_G_GEN7,1,22,1.0
10875_G_GEN7,1,23,1.0
10875_G_GEN7,1,24,1.0
10875_G_GEN7,1,25,1.0
10875_G_GEN8,1,1,1.0
10875_G_GEN8,1,2,1.0
10875_G_GEN8,1,3,1.0
10875_G_GEN8,1,4,1.0
10875_G_GEN8,1,5,1.0
10875_G_GEN8,1,6,1.0
10875_G_GEN8,1,7,1.0
10875_G_GEN8,1,8,1.0
10875_G_GEN8,1,9,1.0
10875_G_GEN8,1,10,1.0
10875_G_GEN8,1,11,1.0
10875_G_GEN8,1,12,1.0
10875_G_GEN8,1,13,1.0
10875_G_GEN8,1,14,1.0
10875_G_GEN8,1,15,1.0
10875_G_GEN8,1,16,1.0
10875_G_GEN8,1,17,1.0
10875_G_GEN8,1,18,1.0
10875_G_GEN8,1,19,1.0
10875_G_GEN8,1,20,1.0
10875_G_GEN8,1,21,1.0
10875_G_GEN8,1,22,1.0
10875_G_GEN8,1,23,1.0
10875_G_GEN8,1,24,1.0
10875_G_GEN8,1,25,1.0
10875_G_GEN9,1,1,1.0
10875_G_GEN9,1,2,1.0
10875_G_GEN9,1,3,1.0
10875_G_GEN9,1,4,1.0
10875_G_GEN9,1,5,1.0
10875_G_GEN9,1,6,1.0
10875_G_GEN9,1,7,1.0
10875_G_GEN9,1,8,1.0
10875_G_GEN9,1,9,1.0
10875_G_GEN9,1,10,1.0
10875_G_GEN9,1,11,1.0
10875_G_GEN9,1,12,1.0
10875_G_GEN9,1,13,1.0
10875_G_GEN9,1,14,1.0
10875_G_GEN9,1,15,1.0
10875_G_GEN9,1,16,1.0
10875_G_GEN9,1,17,1.0
10875_G_GEN9,1,18,1.0
10875_G_GEN9,1,19,1.0
10875_G_GEN9,1,20,1.0
10875_G_GEN9,1,21,1.0
10875_G_GEN9,1,22,1.0
10875_G_GEN9,1,23,1.0
10875_G_GEN9,1,24,1.0
10875_G_GEN9,1,25,1.0
10878_G_EE11,1,1,1.0
10878_G_EE11,1,2,1.0
10878_G_EE11,1,3,1.0
10878_G_EE11,1,4,1.0
10878_G_EE11,1,5,1.0
10878_G_EE11,1,6,1.0
10878_G_EE11,1,7,1.0
10878_G_EE11,1,8,1.0
10878_G_EE11,1,9,1.0
10878_G_EE11,1,10,1.0
10878_G_EE11,1,11,1.0
10878_G_EE11,1,12,1.0
10878_G_EE11,1,13,1.0
10878_G_EE11,1,14,1.0
10878_G_EE11,1,15,1.0
10878_G_EE11,1,16,1.0
10878_G_EE11,1,17,1.0
10878_G_EE11,1,18,1.0
10878_G_EE11,1,19,1.0
10878_G_EE11,1,20,1.0
10878_G_EE11,1,21,1.0
10878_G_EE11,1,22,1.0
10878_G_EE11,1,23,1.0
10878_G_EE11,1,24,1.0
10878_G_EE11,1,25,1.0
10879_G_GEN1,1,1,1.0
10879_G_GEN1,1,2,1.0
10879_G_GEN1,1,3,1.0
10879_G_GEN1,1,4,1.0
10879_G_GEN1,1,5,1.0
10879_G_GEN1,1,6,1.0
10879_G_GEN1,1,7,1.0
10879_G_GEN1,1,8,1.0
10879_G_GEN1,1,9,1.0
10879_G_GEN1,1,10,1.0
10879_G_GEN1,1,11,1.0
10879_G_GEN1,1,12,1.0
10879_G_GEN1,1,13,1.0
10879_G_GEN1,1,14,1.0
10879_G_GEN1,1,15,1.0
10879_G_GEN1,1,16,1.0
10879_G_GEN1,1,17,1.0
10879_G_GEN1,1,18,1.0
10879_G_GEN1,1,19,1.0
10879_G_GEN1,1,20,1.0
10879_G_GEN1,1,21,1.0
10879_G_GEN1,1,22,1.0
10879_G_GEN1,1,23,1.0
10879_G_GEN1,1,24,1.0
10879_G_GEN1,1,25,1.0
10879_G_GEN2,1,1,1.0
10879_G_GEN2,1,2,1.0
10879_G_GEN2,1,3,1.0
10879_G_GEN2,1,4,1.0
10879_G_GEN2,1,5,1.0
10879_G_GEN2,1,6,1.0
10879_G_GEN2,1,7,1.0
10879_G_GEN2,1,8,1.0
10879_G_GEN2,1,9,1.0
10879_G_GEN2,1,10,1.0
10879_G_GEN2,1,11,1.0
10879_G_GEN2,1,12,1.0
10879_G_GEN2,1,13,1.0
10879_G_GEN2,1,14,1.0
10879_G_GEN2,1,15,1.0
10879_G_GEN2,1,16,1.0
10879_G_GEN2,1,17,1.0
10879_G_GEN2,1,18,1.0
10879_G_GEN2,1,19,1.0
10879_G_GEN2,1,20,1.0
10879_G_GEN2,1,21,1.0
10879_G_GEN2,1,22,1.0
10879_G_GEN2,1,23,1.0
10879_G_GEN2,1,24,1.0
10879_G_GEN2,1,25,1.0
10879_G_GEN3,1,1,1.0
10879_G_GEN3,1,2,1.0
10879_G_GEN3,1,3,1.0
10879_G_GEN3,1,4,1.0
10879_G_GEN3,1,5,1.0
10879_G_GEN3,1,6,1.0
10879_G_GEN3,1,7,1.0
10879_G_GEN3,1,8,1.0
10879_G_GEN3,1,9,1.0
10879_G_GEN3,1,10,1.0
10879_G_GEN3,1,11,1.0
10879_G_GEN3,1,12,1.0
10879_G_GEN3,1,13,1.0
10879_G_GEN3,1,14,1.0
10879_G_GEN3,1,15,1.0
10879_G_GEN3,1,16,1.0
10879_G_GEN3,1,17,1.0
10879_G_GEN3,1,18,1.0
10879_G_GEN3,1,19,1.0
10879_G_GEN3,1,20,1.0
10879_G_GEN3,1,21,1.0
10879_G_GEN3,1,22,1.0
10879_G_GEN3,1,23,1.0
10879_G_GEN3,1,24,1.0
10879_G_GEN3,1,25,1.0
260_G_CT1A,1,1,1.0
260_G_CT1A,1,2,1.0
260_G_CT1A,1,3,1.0
260_G_CT1A,1,4,1.0
260_G_CT1A,1,5,1.0
260_G_CT1A,1,6,1.0
260_G_CT1A,1,7,1.0
260_G_CT1A,1,8,1.0
260_G_CT1A,1,9,1.0
260_G_CT1A,1,10,1.0
260_G_CT1A,1,11,1.0
260_G_CT1A,1,12,1.0
260_G_CT1A,1,13,1.0
260_G_CT1A,1,14,1.0
260_G_CT1A,1,15,1.0
260_G_CT1A,1,16,1.0
260_G_CT1A,1,17,1.0
260_G_CT1A,1,18,1.0
260_G_CT1A,1,19,1.0
260_G_CT1A,1,20,1.0
260_G_CT1A,1,21,1.0
260_G_CT1A,1,22,1.0
260_G_CT1A,1,23,1.0
260_G_CT1A,1,24,1.0
260_G_CT1A,1,25,1.0
260_G_CT1B,1,1,1.0
260_G_CT1B,1,2,1.0
260_G_CT1B,1,3,1.0
260_G_CT1B,1,4,1.0
260_G_CT1B,1,5,1.0
260_G_CT1B,1,6,1.0
260_G_CT1B,1,7,1.0
260_G_CT1B,1,8,1.0
260_G_CT1B,1,9,1.0
260_G_CT1B,1,10,1.0
260_G_CT1B,1,11,1.0
260_G_CT1B,1,12,1.0
260_G_CT1B,1,13,1.0
260_G_CT1B,1,14,1.0
260_G_CT1B,1,15,1.0
260_G_CT1B,1,16,1.0
260_G_CT1B,1,17,1.0
260_G_CT1B,1,18,1.0
260_G_CT1B,1,19,1.0
260_G_CT1B,1,20,1.0
260_G_CT1B,1,21,1.0
260_G_CT1B,1,22,1.0
260_G_CT1B,1,23,1.0
260_G_CT1B,1,24,1.0
260_G_CT1B,1,25,1.0
260_G_CT2A,1,1,1.0
260_G_CT2A,1,2,1.0
260_G_CT2A,1,3,1.0
260_G_CT2A,1,4,1.0
260_G_CT2A,1,5,1.0
260_G_CT2A,1,6,1.0
260_G_CT2A,1,7,1.0
260_G_CT2A,1,8,1.0
260_G_CT2A,1,9,1.0
260_G_CT2A,1,10,1.0
260_G_CT2A,1,11,1.0
260_G_CT2A,1,12,1.0
260_G_CT2A,1,13,1.0
260_G_CT2A,1,14,1.0
260_G_CT2A,1,15,1.0
260_G_CT2A,1,16,1.0
260_G_CT2A,1,17,1.0
260_G_CT2A,1,18,1.0
260_G_CT2A,1,19,1.0
260_G_CT2A,1,20,1.0
260_G_CT2A,1,21,1.0
260_G_CT2A,1,22,1.0
260_G_CT2A,1,23,1.0
260_G_CT2A,1,24,1.0
260_G_CT2A,1,25,1.0
260_G_CT2B,1,1,1.0
260_G_CT2B,1,2,1.0
260_G_CT2B,1,3,1.0
260_G_CT2B,1,4,1.0
260_G_CT2B,1,5,1.0
260_G_CT2B,1,6,1.0
260_G_CT2B,1,7,1.0
260_G_CT2B,1,8,1.0
260_G_CT2B,1,9,1.0
260_G_CT2B,1,10,1.0
260_G_CT2B,1,11,1.0
260_G_CT2B,1,12,1.0
260_G_CT2B,1,13,1.0
260_G_CT2B,1,14,1.0
260_G_CT2B,1,15,1.0
260_G_CT2B,1,16,1.0
260_G_CT2B,1,17,1.0
260_G_CT2B,1,18,1.0
260_G_CT2B,1,19,1.0
260_G_CT2B,1,20,1.0
260_G_CT2B,1,21,1.0
260_G_CT2B,1,22,1.0
260_G_CT2B,1,23,1.0
260_G_CT2B,1,24,1.0
260_G_CT2B,1,25,1.0
260_G_ST1,1,1,1.0
260_G_ST1,1,2,1.0
260_G_ST1,1,3,1.0
260_G_ST1,1,4,1.0
260_G_ST1,1,5,1.0
260_G_ST1,1,6,1.0
260_G_ST1,1,7,1.0
260_G_ST1,1,8,1.0
260_G_ST1,1,9,1.0
260_G_ST1,1,10,1.0
260_G_ST1,1,11,1.0
260_G_ST1,1,12,1.0
260_G_ST1,1,13,1.0
260_G_ST1,1,14,1.0
260_G_ST1,1,15,1.0
260_G_ST1,1,16,1.0
260_G_ST1,1,17,1.0
260_G_ST1,1,18,1.0
260_G_ST1,1,19,1.0
260_G_ST1,1,20,1.0
260_G_ST1,1,21,1.0
260_G_ST1,1,22,1.0
260_G_ST1,1,23,1.0
260_G_ST1,1,24,1.0
260_G_ST1,1,25,1.0
260_G_ST2,1,1,1.0
260_G_ST2,1,2,1.0
260_G_ST2,1,3,1.0
260_G_ST2,1,4,1.0
260_G_ST2,1,5,1.0
260_G_ST2,1,6,1.0
260_G_ST2,1,7,1.0
260_G_ST2,1,8,1.0
260_G_ST2,1,9,1.0
260_G_ST2,1,10,1.0
260_G_ST2,1,11,1.0
260_G_ST2,1,12,1.0
260_G_ST2,1,13,1.0
260_G_ST2,1,14,1.0
260_G_ST2,1,15,1.0
260_G_ST2,1,16,1.0
260_G_ST2,1,17,1.0
260_G_ST2,1,18,1.0
260_G_ST2,1,19,1.0
260_G_ST2,1,20,1.0
260_G_ST2,1,21,1.0
260_G_ST2,1,22,1.0
260_G_ST2,1,23,1.0
260_G_ST2,1,24,1.0
260_G_ST2,1,25,1.0
286_G_U11,1,1,1.0
286_G_U11,1,2,1.0
286_G_U11,1,3,1.0
286_G_U11,1,4,1.0
286_G_U11,1,5,1.0
286_G_U11,1,6,1.0
286_G_U11,1,7,1.0
286_G_U11,1,8,1.0
286_G_U11,1,9,1.0
286_G_U11,1,10,1.0
286_G_U11,1,11,1.0
286_G_U11,1,12,1.0
286_G_U11,1,13,1.0
286_G_U11,1,14,1.0
286_G_U11,1,15,1.0
286_G_U11,1,16,1.0
286_G_U11,1,17,1.0
286_G_U11,1,18,1.0
286_G_U11,1,19,1.0
286_G_U11,1,20,1.0
286_G_U11,1,21,1.0
286_G_U11,1,22,1.0
286_G_U11,1,23,1.0
286_G_U11,1,24,1.0
286_G_U11,1,25,1.0
286_G_U12,1,1,1.0
286_G_U12,1,2,1.0
286_G_U12,1,3,1.0
286_G_U12,1,4,1.0
286_G_U12,1,5,1.0
286_G_U12,1,6,1.0
286_G_U12,1,7,1.0
286_G_U12,1,8,1.0
286_G_U12,1,9,1.0
286_G_U12,1,10,1.0
286_G_U12,1,11,1.0
286_G_U12,1,12,1.0
286_G_U12,1,13,1.0
286_G_U12,1,14,1.0
286_G_U12,1,15,1.0
286_G_U12,1,16,1.0
286_G_U12,1,17,1.0
286_G_U12,1,18,1.0
286_G_U12,1,19,1.0
286_G_U12,1,20,1.0
286_G_U12,1,21,1.0
286_G_U12,1,22,1.0
286_G_U12,1,23,1.0
286_G_U12,1,24,1.0
286_G_U12,1,25,1.0
286_G_U13,1,1,1.0
286_G_U13,1,2,1.0
286_G_U13,1,3,1.0
286_G_U13,1,4,1.0
286_G_U13,1,5,1.0
286_G_U13,1,6,1.0
286_G_U13,1,7,1.0
286_G_U13,1,8,1.0
286_G_U13,1,9,1.0
286_G_U13,1,10,1.0
286_G_U13,1,11,1.0
286_G_U13,1,12,1.0
286_G_U13,1,13,1.0
286_G_U13,1,14,1.0
286_G_U13,1,15,1.0
286_G_U13,1,16,1.0
286_G_U13,1,17,1.0
286_G_U13,1,18,1.0
286_G_U13,1,19,1.0
286_G_U13,1,20,1.0
286_G_U13,1,21,1.0
286_G_U13,1,22,1.0
286_G_U13,1,23,1.0
286_G_U13,1,24,1.0
286_G_U13,1,25,1.0
286_G_U14,1,1,1.0
286_G_U14,1,2,1.0
286_G_U14,1,3,1.0
286_G_U14,1,4,1.0
286_G_U14,1,5,1.0
286_G_U14,1,6,1.0
286_G_U14,1,7,1.0
286_G_U14,1,8,1.0
286_G_U14,1,9,1.0
286_G_U14,1,10,1.0
286_G_U14,1,11,1.0
286_G_U14,1,12,1.0
286_G_U14,1,13,1.0
286_G_U14,1,14,1.0
286_G_U14,1,15,1.0
286_G_U14,1,16,1.0
286_G_U14,1,17,1.0
286_G_U14,1,18,1.0
286_G_U14,1,19,1.0
286_G_U14,1,20,1.0
286_G_U14,1,21,1.0
286_G_U14,1,22,1.0
286_G_U14,1,23,1.0
286_G_U14,1,24,1.0
286_G_U14,1,25,1.0
286_G_U16,1,1,1.0
286_G_U16,1,2,1.0
286_G_U16,1,3,1.0
286_G_U16,1,4,1.0
286_G_U16,1,5,1.0
286_G_U16,1,6,1.0
286_G_U16,1,7,1.0
286_G_U16,1,8,1.0
286_G_U16,1,9,1.0
286_G_U16,1,10,1.0
286_G_U16,1,11,1.0
286_G_U16,1,12,1.0
286_G_U16,1,13,1.0
286_G_U16,1,14,1.0
286_G_U16,1,15,1.0
286_G_U16,1,16,1.0
286_G_U16,1,17,1.0
286_G_U16,1,18,1.0
286_G_U16,1,19,1.0
286_G_U16,1,20,1.0
286_G_U16,1,21,1.0
286_G_U16,1,22,1.0
286_G_U16,1,23,1.0
286_G_U16,1,24,1.0
286_G_U16,1,25,1.0
286_G_U17,1,1,1.0
286_G_U17,1,2,1.0
286_G_U17,1,3,1.0
286_G_U17,1,4,1.0
286_G_U17,1,5,1.0
286_G_U17,1,6,1.0
286_G_U17,1,7,1.0
286_G_U17,1,8,1.0
286_G_U17,1,9,1.0
286_G_U17,1,10,1.0
286_G_U17,1,11,1.0
286_G_U17,1,12,1.0
286_G_U17,1,13,1.0
286_G_U17,1,14,1.0
286_G_U17,1,15,1.0
286_G_U17,1,16,1.0
286_G_U17,1,17,1.0
286_G_U17,1,18,1.0
286_G_U17,1,19,1.0
286_G_U17,1,20,1.0
286_G_U17,1,21,1.0
286_G_U17,1,22,1.0
286_G_U17,1,23,1.0
286_G_U17,1,24,1.0
286_G_U17,1,25,1.0
286_G_U18,1,1,1.0
286_G_U18,1,2,1.0
286_G_U18,1,3,1.0
286_G_U18,1,4,1.0
286_G_U18,1,5,1.0
286_G_U18,1,6,1.0
286_G_U18,1,7,1.0
286_G_U18,1,8,1.0
286_G_U18,1,9,1.0
286_G_U18,1,10,1.0
286_G_U18,1,11,1.0
286_G_U18,1,12,1.0
286_G_U18,1,13,1.0
286_G_U18,1,14,1.0
286_G_U18,1,15,1.0
286_G_U18,1,16,1.0
286_G_U18,1,17,1.0
286_G_U18,1,18,1.0
286_G_U18,1,19,1.0
286_G_U18,1,20,1.0
286_G_U18,1,21,1.0
286_G_U18,1,22,1.0
286_G_U18,1,23,1.0
286_G_U18,1,24,1.0
286_G_U18,1,25,1.0
286_G_U20,1,1,1.0
286_G_U20,1,2,1.0
286_G_U20,1,3,1.0
286_G_U20,1,4,1.0
286_G_U20,1,5,1.0
286_G_U20,1,6,1.0
286_G_U20,1,7,1.0
286_G_U20,1,8,1.0
286_G_U20,1,9,1.0
286_G_U20,1,10,1.0
286_G_U20,1,11,1.0
286_G_U20,1,12,1.0
286_G_U20,1,13,1.0
286_G_U20,1,14,1.0
286_G_U20,1,15,1.0
286_G_U20,1,16,1.0
286_G_U20,1,17,1.0
286_G_U20,1,18,1.0
286_G_U20,1,19,1.0
286_G_U20,1,20,1.0
286_G_U20,1,21,1.0
286_G_U20,1,22,1.0
286_G_U20,1,23,1.0
286_G_U20,1,24,1.0
286_G_U20,1,25,1.0
286_G_U5,1,1,1.0
286_G_U5,1,2,1.0
286_G_U5,1,3,1.0
286_G_U5,1,4,1.0
286_G_U5,1,5,1.0
286_G_U5,1,6,1.0
286_G_U5,1,7,1.0
286_G_U5,1,8,1.0
286_G_U5,1,9,1.0
286_G_U5,1,10,1.0
286_G_U5,1,11,1.0
286_G_U5,1,12,1.0
286_G_U5,1,13,1.0
286_G_U5,1,14,1.0
286_G_U5,1,15,1.0
286_G_U5,1,16,1.0
286_G_U5,1,17,1.0
286_G_U5,1,18,1.0
286_G_U5,1,19,1.0
286_G_U5,1,20,1.0
286_G_U5,1,21,1.0
286_G_U5,1,22,1.0
286_G_U5,1,23,1.0
286_G_U5,1,24,1.0
286_G_U5,1,25,1.0
286_G_U6,1,1,1.0
286_G_U6,1,2,1.0
286_G_U6,1,3,1.0
286_G_U6,1,4,1.0
286_G_U6,1,5,1.0
286_G_U6,1,6,1.0
286_G_U6,1,7,1.0
286_G_U6,1,8,1.0
286_G_U6,1,9,1.0
286_G_U6,1,10,1.0
286_G_U6,1,11,1.0
286_G_U6,1,12,1.0
286_G_U6,1,13,1.0
286_G_U6,1,14,1.0
286_G_U6,1,15,1.0
286_G_U6,1,16,1.0
286_G_U6,1,17,1.0
286_G_U6,1,18,1.0
286_G_U6,1,19,1.0
286_G_U6,1,20,1.0
286_G_U6,1,21,1.0
286_G_U6,1,22,1.0
286_G_U6,1,23,1.0
286_G_U6,1,24,1.0
286_G_U6,1,25,1.0
286_G_U7,1,1,1.0
286_G_U7,1,2,1.0
286_G_U7,1,3,1.0
286_G_U7,1,4,1.0
286_G_U7,1,5,1.0
286_G_U7,1,6,1.0
286_G_U7,1,7,1.0
286_G_U7,1,8,1.0
286_G_U7,1,9,1.0
286_G_U7,1,10,1.0
286_G_U7,1,11,1.0
286_G_U7,1,12,1.0
286_G_U7,1,13,1.0
286_G_U7,1,14,1.0
286_G_U7,1,15,1.0
286_G_U7,1,16,1.0
286_G_U7,1,17,1.0
286_G_U7,1,18,1.0
286_G_U7,1,19,1.0
286_G_U7,1,20,1.0
286_G_U7,1,21,1.0
286_G_U7,1,22,1.0
286_G_U7,1,23,1.0
286_G_U7,1,24,1.0
286_G_U7,1,25,1.0
286_G_U8,1,1,1.0
286_G_U8,1,2,1.0
286_G_U8,1,3,1.0
286_G_U8,1,4,1.0
286_G_U8,1,5,1.0
286_G_U8,1,6,1.0
286_G_U8,1,7,1.0
286_G_U8,1,8,1.0
286_G_U8,1,9,1.0
286_G_U8,1,10,1.0
286_G_U8,1,11,1.0
286_G_U8,1,12,1.0
286_G_U8,1,13,1.0
286_G_U8,1,14,1.0
286_G_U8,1,15,1.0
286_G_U8,1,16,1.0
286_G_U8,1,17,1.0
286_G_U8,1,18,1.0
286_G_U8,1,19,1.0
286_G_U8,1,20,1.0
286_G_U8,1,21,1.0
286_G_U8,1,22,1.0
286_G_U8,1,23,1.0
286_G_U8,1,24,1.0
286_G_U8,1,25,1.0
358_G_MV3A,1,1,1.0
358_G_MV3A,1,2,1.0
358_G_MV3A,1,3,1.0
358_G_MV3A,1,4,1.0
358_G_MV3A,1,5,1.0
358_G_MV3A,1,6,1.0
358_G_MV3A,1,7,1.0
358_G_MV3A,1,8,1.0
358_G_MV3A,1,9,1.0
358_G_MV3A,1,10,1.0
358_G_MV3A,1,11,1.0
358_G_MV3A,1,12,1.0
358_G_MV3A,1,13,1.0
358_G_MV3A,1,14,1.0
358_G_MV3A,1,15,1.0
358_G_MV3A,1,16,1.0
358_G_MV3A,1,17,1.0
358_G_MV3A,1,18,1.0
358_G_MV3A,1,19,1.0
358_G_MV3A,1,20,1.0
358_G_MV3A,1,21,1.0
358_G_MV3A,1,22,1.0
358_G_MV3A,1,23,1.0
358_G_MV3A,1,24,1.0
358_G_MV3A,1,25,1.0
358_G_MV3B,1,1,1.0
358_G_MV3B,1,2,1.0
358_G_MV3B,1,3,1.0
358_G_MV3B,1,4,1.0
358_G_MV3B,1,5,1.0
358_G_MV3B,1,6,1.0
358_G_MV3B,1,7,1.0
358_G_MV3B,1,8,1.0
358_G_MV3B,1,9,1.0
358_G_MV3B,1,10,1.0
358_G_MV3B,1,11,1.0
358_G_MV3B,1,12,1.0
358_G_MV3B,1,13,1.0
358_G_MV3B,1,14,1.0
358_G_MV3B,1,15,1.0
358_G_MV3B,1,16,1.0
358_G_MV3B,1,17,1.0
358_G_MV3B,1,18,1.0
358_G_MV3B,1,19,1.0
358_G_MV3B,1,20,1.0
358_G_MV3B,1,21,1.0
358_G_MV3B,1,22,1.0
358_G_MV3B,1,23,1.0
358_G_MV3B,1,24,1.0
358_G_MV3B,1,25,1.0
358_G_MV3C,1,1,1.0
358_G_MV3C,1,2,1.0
358_G_MV3C,1,3,1.0
358_G_MV3C,1,4,1.0
358_G_MV3C,1,5,1.0
358_G_MV3C,1,6,1.0
358_G_MV3C,1,7,1.0
358_G_MV3C,1,8,1.0
358_G_MV3C,1,9,1.0
358_G_MV3C,1,10,1.0
358_G_MV3C,1,11,1.0
358_G_MV3C,1,12,1.0
358_G_MV3C,1,13,1.0
358_G_MV3C,1,14,1.0
358_G_MV3C,1,15,1.0
358_G_MV3C,1,16,1.0
358_G_MV3C,1,17,1.0
358_G_MV3C,1,18,1.0
358_G_MV3C,1,19,1.0
358_G_MV3C,1,20,1.0
358_G_MV3C,1,21,1.0
358_G_MV3C,1,22,1.0
358_G_MV3C,1,23,1.0
358_G_MV3C,1,24,1.0
358_G_MV3C,1,25,1.0
358_G_MV4A,1,1,1.0
358_G_MV4A,1,2,1.0
358_G_MV4A,1,3,1.0
358_G_MV4A,1,4,1.0
358_G_MV4A,1,5,1.0
358_G_MV4A,1,6,1.0
358_G_MV4A,1,7,1.0
358_G_MV4A,1,8,1.0
358_G_MV4A,1,9,1.0
358_G_MV4A,1,10,1.0
358_G_MV4A,1,11,1.0
358_G_MV4A,1,12,1.0
358_G_MV4A,1,13,1.0
358_G_MV4A,1,14,1.0
358_G_MV4A,1,15,1.0
358_G_MV4A,1,16,1.0
358_G_MV4A,1,17,1.0
358_G_MV4A,1,18,1.0
358_G_MV4A,1,19,1.0
358_G_MV4A,1,20,1.0
358_G_MV4A,1,21,1.0
358_G_MV4A,1,22,1.0
358_G_MV4A,1,23,1.0
358_G_MV4A,1,24,1.0
358_G_MV4A,1,25,1.0
358_G_MV4B,1,1,1.0
358_G_MV4B,1,2,1.0
358_G_MV4B,1,3,1.0
358_G_MV4B,1,4,1.0
358_G_MV4B,1,5,1.0
358_G_MV4B,1,6,1.0
358_G_MV4B,1,7,1.0
358_G_MV4B,1,8,1.0
358_G_MV4B,1,9,1.0
358_G_MV4B,1,10,1.0
358_G_MV4B,1,11,1.0
358_G_MV4B,1,12,1.0
358_G_MV4B,1,13,1.0
358_G_MV4B,1,14,1.0
358_G_MV4B,1,15,1.0
358_G_MV4B,1,16,1.0
358_G_MV4B,1,17,1.0
358_G_MV4B,1,18,1.0
358_G_MV4B,1,19,1.0
358_G_MV4B,1,20,1.0
358_G_MV4B,1,21,1.0
358_G_MV4B,1,22,1.0
358_G_MV4B,1,23,1.0
358_G_MV4B,1,24,1.0
358_G_MV4B,1,25,1.0
358_G_MV4C,1,1,1.0
358_G_MV4C,1,2,1.0
358_G_MV4C,1,3,1.0
358_G_MV4C,1,4,1.0
358_G_MV4C,1,5,1.0
358_G_MV4C,1,6,1.0
358_G_MV4C,1,7,1.0
358_G_MV4C,1,8,1.0
358_G_MV4C,1,9,1.0
358_G_MV4C,1,10,1.0
358_G_MV4C,1,11,1.0
358_G_MV4C,1,12,1.0
358_G_MV4C,1,13,1.0
358_G_MV4C,1,14,1.0
358_G_MV4C,1,15,1.0
358_G_MV4C,1,16,1.0
358_G_MV4C,1,17,1.0
358_G_MV4C,1,18,1.0
358_G_MV4C,1,19,1.0
358_G_MV4C,1,20,1.0
358_G_MV4C,1,21,1.0
358_G_MV4C,1,22,1.0
358_G_MV4C,1,23,1.0
358_G_MV4C,1,24,1.0
358_G_MV4C,1,25,1.0
377_G_1,1,1,1.0
377_G_1,1,2,1.0
377_G_1,1,3,1.0
377_G_1,1,4,1.0
377_G_1,1,5,1.0
377_G_1,1,6,1.0
377_G_1,1,7,1.0
377_G_1,1,8,1.0
377_G_1,1,9,1.0
377_G_1,1,10,1.0
377_G_1,1,11,1.0
377_G_1,1,12,1.0
377_G_1,1,13,1.0
377_G_1,1,14,1.0
377_G_1,1,15,1.0
377_G_1,1,16,1.0
377_G_1,1,17,1.0
377_G_1,1,18,1.0
377_G_1,1,19,1.0
377_G_1,1,20,1.0
377_G_1,1,21,1.0
377_G_1,1,22,1.0
377_G_1,1,23,1.0
377_G_1,1,24,-0.0
377_G_1,1,25,-0.0
377_G_2,1,1,1.0
377_G_2,1,2,1.0
377_G_2,1,3,1.0
377_G_2,1,4,1.0
377_G_2,1,5,1.0
377_G_2,1,6,1.0
377_G_2,1,7,1.0
377_G_2,1,8,1.0
377_G_2,1,9,1.0
377_G_2,1,10,1.0
377_G_2,1,11,1.0
377_G_2,1,12,1.0
377_G_2,1,13,1.0
377_G_2,1,14,1.0
377_G_2,1,15,1.0
377_G_2,1,16,1.0
377_G_2,1,17,1.0
377_G_2,1,18,1.0
377_G_2,1,19,1.0
377_G_2,1,20,1.0
377_G_2,1,21,1.0
377_G_2,1,22,1.0
377_G_2,1,23,1.0
377_G_2,1,24,-0.0
377_G_2,1,25,-0.0
377_G_8A,1,1,1.0
377_G_8A,1,2,1.0
377_G_8A,1,3,1.0
377_G_8A,1,4,1.0
377_G_8A,1,5,1.0
377_G_8A,1,6,1.0
377_G_8A,1,7,1.0
377_G_8A,1,8,1.0
377_G_8A,1,9,1.0
377_G_8A,1,10,1.0
377_G_8A,1,11,1.0
377_G_8A,1,12,1.0
377_G_8A,1,13,1.0
377_G_8A,1,14,1.0
377_G_8A,1,15,1.0
377_G_8A,1,16,1.0
377_G_8A,1,17,1.0
377_G_8A,1,18,1.0
377_G_8A,1,19,1.0
377_G_8A,1,20,1.0
377_G_8A,1,21,1.0
377_G_8A,1,22,1.0
377_G_8A,1,23,-0.0
377_G_8A,1,24,-0.0
377_G_8A,1,25,-0.0
377_G_8BC,1,1,1.0
377_G_8BC,1,2,1.0
377_G_8BC,1,3,1.0
377_G_8BC,1,4,1.0
377_G_8BC,1,5,1.0
377_G_8BC,1,6,1.0
377_G_8BC,1,7,1.0
377_G_8BC,1,8,1.0
377_G_8BC,1,9,1.0
377_G_8BC,1,10,1.0
377_G_8BC,1,11,1.0
377_G_8BC,1,12,1.0
377_G_8BC,1,13,1.0
377_G_8BC,1,14,1.0
377_G_8BC,1,15,1.0
377_G_8BC,1,16,1.0
377_G_8BC,1,17,1.0
377_G_8BC,1,18,1.0
377_G_8BC,1,19,1.0
377_G_8BC,1,20,1.0
377_G_8BC,1,21,1.0
377_G_8BC,1,22,1.0
377_G_8BC,1,23,1.0
377_G_8BC,1,24,1.0
377_G_8BC,1,25,-0.0
389_G_2,1,1,1.0
389_G_2,1,2,1.0
389_G_2,1,3,1.0
389_G_2,1,4,1.0
389_G_2,1,5,1.0
389_G_2,1,6,1.0
389_G_2,1,7,1.0
389_G_2,1,8,1.0
389_G_2,1,9,1.0
389_G_2,1,10,1.0
389_G_2,1,11,1.0
389_G_2,1,12,1.0
389_G_2,1,13,1.0
389_G_2,1,14,1.0
389_G_2,1,15,1.0
389_G_2,1,16,1.0
389_G_2,1,17,1.0
389_G_2,1,18,1.0
389_G_2,1,19,1.0
389_G_2,1,20,1.0
389_G_2,1,21,1.0
389_G_2,1,22,1.0
389_G_2,1,23,1.0
389_G_2,1,24,1.0
389_G_2,1,25,1.0
389_G_2A,1,1,1.0
389_G_2A,1,2,1.0
389_G_2A,1,3,1.0
389_G_2A,1,4,1.0
389_G_2A,1,5,1.0
389_G_2A,1,6,1.0
389_G_2A,1,7,1.0
389_G_2A,1,8,1.0
389_G_2A,1,9,1.0
389_G_2A,1,10,1.0
389_G_2A,1,11,1.0
389_G_2A,1,12,1.0
389_G_2A,1,13,1.0
389_G_2A,1,14,1.0
389_G_2A,1,15,1.0
389_G_2A,1,16,1.0
389_G_2A,1,17,1.0
389_G_2A,1,18,1.0
389_G_2A,1,19,1.0
389_G_2A,1,20,1.0
389_G_2A,1,21,1.0
389_G_2A,1,22,1.0
389_G_2A,1,23,1.0
389_G_2A,1,24,1.0
389_G_2A,1,25,0.0
389_G_30,1,1,1.0
389_G_30,1,2,1.0
389_G_30,1,3,1.0
389_G_30,1,4,1.0
389_G_30,1,5,1.0
389_G_30,1,6,1.0
389_G_30,1,7,1.0
389_G_30,1,8,1.0
389_G_30,1,9,1.0
389_G_30,1,10,1.0
389_G_30,1,11,1.0
389_G_30,1,12,1.0
389_G_30,1,13,1.0
389_G_30,1,14,1.0
389_G_30,1,15,1.0
389_G_30,1,16,1.0
389_G_30,1,17,1.0
389_G_30,1,18,1.0
389_G_30,1,19,1.0
389_G_30,1,20,1.0
389_G_30,1,21,1.0
389_G_30,1,22,1.0
389_G_30,1,23,1.0
389_G_30,1,24,1.0
389_G_30,1,25,0.0
389_G_31,1,1,1.0
389_G_31,1,2,1.0
389_G_31,1,3,1.0
389_G_31,1,4,1.0
389_G_31,1,5,1.0
389_G_31,1,6,1.0
389_G_31,1,7,1.0
389_G_31,1,8,1.0
389_G_31,1,9,1.0
389_G_31,1,10,1.0
389_G_31,1,11,1.0
389_G_31,1,12,1.0
389_G_31,1,13,1.0
389_G_31,1,14,1.0
389_G_31,1,15,1.0
389_G_31,1,16,1.0
389_G_31,1,17,1.0
389_G_31,1,18,1.0
389_G_31,1,19,1.0
389_G_31,1,20,1.0
389_G_31,1,21,1.0
389_G_31,1,22,1.0
389_G_31,1,23,1.0
389_G_31,1,24,1.0
389_G_31,1,25,1.0
389_G_32,1,1,1.0
389_G_32,1,2,1.0
389_G_32,1,3,1.0
389_G_32,1,4,1.0
389_G_32,1,5,1.0
389_G_32,1,6,1.0
389_G_32,1,7,1.0
389_G_32,1,8,1.0
389_G_32,1,9,1.0
389_G_32,1,10,1.0
389_G_32,1,11,1.0
389_G_32,1,12,1.0
389_G_32,1,13,1.0
389_G_32,1,14,1.0
389_G_32,1,15,1.0
389_G_32,1,16,1.0
389_G_32,1,17,1.0
389_G_32,1,18,1.0
389_G_32,1,19,1.0
389_G_32,1,20,1.0
389_G_32,1,21,1.0
389_G_32,1,22,1.0
389_G_32,1,23,1.0
389_G_32,1,24,1.0
389_G_32,1,25,0.0
399_G_10A,1,1,0.0
399_G_10A,1,2,0.0
399_G_10A,1,3,0.0
399_G_10A,1,4,0.0
399_G_10A,1,5,0.0
399_G_10A,1,6,0.0
399_G_10A,1,7,0.0
399_G_10A,1,8,0.0
399_G_10A,1,9,0.0
399_G_10A,1,10,0.0
399_G_10A,1,11,0.0
399_G_10A,1,12,0.0
399_G_10A,1,13,0.0
399_G_10A,1,14,0.0
399_G_10A,1,15,0.0
399_G_10A,1,16,0.0
399_G_10A,1,17,0.0
399_G_10A,1,18,1.0
399_G_10A,1,19,1.0
399_G_10A,1,20,1.0
399_G_10A,1,21,-0.0
399_G_10A,1,22,-0.0
399_G_10A,1,23,0.0
399_G_10A,1,24,-0.0
399_G_10A,1,25,-0.0
399_G_10B,1,1,-0.0
399_G_10B,1,2,-0.0
399_G_10B,1,3,-0.0
399_G_10B,1,4,-0.0
399_G_10B,1,5,-0.0
399_G_10B,1,6,-0.0
399_G_10B,1,7,-0.0
399_G_10B,1,8,-0.0
399_G_10B,1,9,-0.0
399_G_10B,1,10,-0.0
399_G_10B,1,11,-0.0
399_G_10B,1,12,-0.0
399_G_10B,1,13,-0.0
399_G_10B,1,14,-0.0
399_G_10B,1,15,-0.0
399_G_10B,1,16,-0.0
399_G_10B,1,17,-0.0
399_G_10B,1,18,1.0
399_G_10B,1,19,1.0
399_G_10B,1,20,1.0
399_G_10B,1,21,0.0
399_G_10B,1,22,-0.0
399_G_10B,1,23,0.0
399_G_10B,1,24,-0.0
399_G_10B,1,25,-0.0
399_G_5,1,1,-0.0
399_G_5,1,2,-0.0
399_G_5,1,3,-0.0
399_G_5,1,4,-0.0
399_G_5,1,5,-0.0
399_G_5,1,6,-0.0
399_G_5,1,7,-0.0
399_G_5,1,8,-0.0
399_G_5,1,9,-0.0
399_G_5,1,10,-0.0
399_G_5,1,11,-0.0
399_G_5,1,12,-0.0
399_G_5,1,13,-0.0
399_G_5,1,14,-0.0
399_G_5,1,15,-0.0
399_G_5,1,16,-0.0
399_G_5,1,17,-0.0
399_G_5,1,18,1.0
399_G_5,1,19,1.0
399_G_5,1,20,1.0
399_G_5,1,21,0.0
399_G_5,1,22,0.0
399_G_5,1,23,0.0
399_G_5,1,24,0.0
399_G_5,1,25,-0.0
400_B_1,1,1,-0.0
400_B_1,1,2,-0.0
400_B_1,1,3,-0.0
400_B_1,1,4,-0.0
400_B_1,1,5,-0.0
400_B_1,1,6,-0.0
400_B_1,1,7,-0.0
400_B_1,1,8,-0.0
400_B_1,1,9,-0.0
400_B_1,1,10,-0.0
400_B_1,1,11,-0.0
400_B_1,1,12,-0.0
400_B_1,1,13,-0.0
400_B_1,1,14,-0.0
400_B_1,1,15,-0.0
400_B_1,1,16,-0.0
400_B_1,1,17,-0.0
400_B_1,1,18,-0.0
400_B_1,1,19,-0.0
400_B_1,1,20,-0.0
400_B_1,1,21,-0.0
400_B_1,1,22,-0.0
400_B_1,1,23,-0.0
400_B_1,1,24,-0.0
400_B_1,1,25,-0.0
400_B_2,1,1,-0.0
400_B_2,1,2,-0.0
400_B_2,1,3,-0.0
400_B_2,1,4,-0.0
400_B_2,1,5,0.0
400_B_2,1,6,0.0
400_B_2,1,7,0.0
400_B_2,1,8,0.0
400_B_2,1,9,0.0
400_B_2,1,10,-0.0
400_B_2,1,11,0.0
400_B_2,1,12,-0.0
400_B_2,1,13,-0.0
400_B_2,1,14,-0.0
400_B_2,1,15,-0.0
400_B_2,1,16,-0.0
400_B_2,1,17,-0.0
400_B_2,1,18,0.0
400_B_2,1,19,0.0
400_B_2,1,20,0.0
400_B_2,1,21,0.0
400_B_2,1,22,0.0
400_B_2,1,23,0.0
400_B_2,1,24,0.0
400_B_2,1,25,-0.0
400_G_10,1,1,1.0
400_G_10,1,2,1.0
400_G_10,1,3,1.0
400_G_10,1,4,1.0
400_G_10,1,5,1.0
400_G_10,1,6,1.0
400_G_10,1,7,1.0
400_G_10,1,8,1.0
400_G_10,1,9,1.0
400_G_10,1,10,1.0
400_G_10,1,11,1.0
400_G_10,1,12,1.0
400_G_10,1,13,1.0
400_G_10,1,14,1.0
400_G_10,1,15,1.0
400_G_10,1,16,1.0
400_G_10,1,17,1.0
400_G_10,1,18,1.0
400_G_10,1,19,1.0
400_G_10,1,20,1.0
400_G_10,1,21,1.0
400_G_10,1,22,1.0
400_G_10,1,23,1.0
400_G_10,1,24,1.0
400_G_10,1,25,1.0
400_G_11,1,1,-0.0
400_G_11,1,2,-0.0
400_G_11,1,3,-0.0
400_G_11,1,4,-0.0
400_G_11,1,5,-0.0
400_G_11,1,6,-0.0
400_G_11,1,7,-0.0
400_G_11,1,8,-0.0
400_G_11,1,9,-0.0
400_G_11,1,10,-0.0
400_G_11,1,11,-0.0
400_G_11,1,12,-0.0
400_G_11,1,13,-0.0
400_G_11,1,14,0.0
400_G_11,1,15,0.0
400_G_11,1,16,0.0
400_G_11,1,17,0.0
400_G_11,1,18,0.0
400_G_11,1,19,0.0
400_G_11,1,20,0.0
400_G_11,1,21,0.0
400_G_11,1,22,0.0
400_G_11,1,23,0.0
400_G_11,1,24,0.0
400_G_11,1,25,-0.0
400_G_12,1,1,-0.0
400_G_12,1,2,-0.0
400_G_12,1,3,-0.0
400_G_12,1,4,-0.0
400_G_12,1,5,-0.0
400_G_12,1,6,-0.0
400_G_12,1,7,-0.0
400_G_12,1,8,-0.0
400_G_12,1,9,-0.0
400_G_12,1,10,-0.0
400_G_12,1,11,-0.0
400_G_12,1,12,-0.0
400_G_12,1,13,-0.0
400_G_12,1,14,0.0
400_G_12,1,15,0.0
400_G_12,1,16,0.0
400_G_12,1,17,0.0
400_G_12,1,18,0.0
400_G_12,1,19,0.0
400_G_12,1,20,0.0
400_G_12,1,21,0.0
400_G_12,1,22,0.0
400_G_12,1,23,0.0
400_G_12,1,24,0.0
400_G_12,1,25,-0.0
400_G_13,1,1,-0.0
400_G_13,1,2,-0.0
400_G_13,1,3,-0.0
400_G_13,1,4,-0.0
400_G_13,1,5,-0.0
400_G_13,1,6,-0.0
400_G_13,1,7,-0.0
400_G_13,1,8,-0.0
400_G_13,1,9,-0.0
400_G_13,1,10,-0.0
400_G_13,1,11,-0.0
400_G_13,1,12,-0.0
400_G_13,1,13,-0.0
400_G_13,1,14,-0.0
400_G_13,1,15,0.0
400_G_13,1,16,0.0
400_G_13,1,17,0.0
400_G_13,1,18,0.0
400_G_13,1,19,0.0
400_G_13,1,20,-0.0
400_G_13,1,21,0.0
400_G_13,1,22,0.0
400_G_13,1,23,0.0
400_G_13,1,24,0.0
400_G_13,1,25,-0.0
400_G_14,1,1,-0.0
400_G_14,1,2,-0.0
400_G_14,1,3,-0.0
400_G_14,1,4,-0.0
400_G_14,1,5,-0.0
400_G_14,1,6,-0.0
400_G_14,1,7,-0.0
400_G_14,1,8,-0.0
400_G_14,1,9,-0.0
400_G_14,1,10,-0.0
400_G_14,1,11,-0.0
400_G_14,1,12,-0.0
400_G_14,1,13,-0.0
400_G_14,1,14,-0.0
400_G_14,1,15,0.0
400_G_14,1,16,0.0
400_G_14,1,17,0.0
400_G_14,1,18,1.0
400_G_14,1,19,1.0
400_G_14,1,20,0.0
400_G_14,1,21,0.0
400_G_14,1,22,0.0
400_G_14,1,23,0.0
400_G_14,1,24,0.0
400_G_14,1,25,-0.0
400_G_15,1,1,-0.0
400_G_15,1,2,-0.0
400_G_15,1,3,-0.0
400_G_15,1,4,-0.0
400_G_15,1,5,-0.0
400_G_15,1,6,-0.0
400_G_15,1,7,-0.0
400_G_15,1,8,-0.0
400_G_15,1,9,-0.0
400_G_15,1,10,-0.0
400_G_15,1,11,-0.0
400_G_15,1,12,-0.0
400_G_15,1,13,-0.0
400_G_15,1,14,0.0
400_G_15,1,15,0.0
400_G_15,1,16,0.0
400_G_15,1,17,0.0
400_G_15,1,18,0.0
400_G_15,1,19,0.0
400_G_15,1,20,0.0
400_G_15,1,21,0.0
400_G_15,1,22,0.0
400_G_15,1,23,0.0
400_G_15,1,24,0.0
400_G_15,1,25,-0.0
400_G_16,1,1,-0.0
400_G_16,1,2,-0.0
400_G_16,1,3,-0.0
400_G_16,1,4,-0.0
400_G_16,1,5,-0.0
400_G_16,1,6,-0.0
400_G_16,1,7,-0.0
400_G_16,1,8,-0.0
400_G_16,1,9,-0.0
400_G_16,1,10,-0.0
400_G_16,1,11,-0.0
400_G_16,1,12,-0.0
400_G_16,1,13,-0.0
400_G_16,1,14,0.0
400_G_16,1,15,0.0
400_G_16,1,16,0.0
400_G_16,1,17,0.0
400_G_16,1,18,0.0
400_G_16,1,19,0.0
400_G_16,1,20,0.0
400_G_16,1,21,-0.0
400_G_16,1,22,0.0
400_G_16,1,23,0.0
400_G_16,1,24,0.0
400_G_16,1,25,-0.0
400_G_8,1,1,1.0
400_G_8,1,2,1.0
400_G_8,1,3,1.0
400_G_8,1,4,1.0
400_G_8,1,5,1.0
400_G_8,1,6,1.0
400_G_8,1,7,1.0
400_G_8,1,8,1.0
400_G_8,1,9,1.0
400_G_8,1,10,1.0
400_G_8,1,11,1.0
400_G_8,1,12,1.0
400_G_8,1,13,1.0
400_G_8,1,14,1.0
400_G_8,1,15,1.0
400_G_8,1,16,1.0
400_G_8,1,17,1.0
400_G_8,1,18,1.0
400_G_8,1,19,1.0
400_G_8,1,20,1.0
400_G_8,1,21,1.0
400_G_8,1,22,1.0
400_G_8,1,23,1.0
400_G_8,1,24,1.0
400_G_8,1,25,1.0
400_G_9,1,1,1.0
400_G_9,1,2,1.0
400_G_9,1,3,1.0
400_G_9,1,4,1.0
400_G_9,1,5,1.0
400_G_9,1,6,1.0
400_G_9,1,7,1.0
400_G_9,1,8,1.0
400_G_9,1,9,1.0
400_G_9,1,10,1.0
400_G_9,1,11,1.0
400_G_9,1,12,1.0
400_G_9,1,13,1.0
400_G_9,1,14,1.0
400_G_9,1,15,1.0
400_G_9,1,16,1.0
400_G_9,1,17,1.0
400_G_9,1,18,1.0
400_G_9,1,19,1.0
400_G_9,1,20,1.0
400_G_9,1,21,1.0
400_G_9,1,22,1.0
400_G_9,1,23,1.0
400_G_9,1,24,1.0
400_G_9,1,25,1.0
404_B_1,1,1,-0.0
404_B_1,1,2,-0.0
404_B_1,1,3,0.0
404_B_1,1,4,0.0
404_B_1,1,5,0.0
404_B_1,1,6,0.0
404_B_1,1,7,0.0
404_B_1,1,8,0.0
404_B_1,1,9,0.0
404_B_1,1,10,0.0
404_B_1,1,11,0.0
404_B_1,1,12,-0.0
404_B_1,1,13,0.0
404_B_1,1,14,-0.0
404_B_1,1,15,-0.0
404_B_1,1,16,-0.0
404_B_1,1,17,-0.0
404_B_1,1,18,-0.0
404_B_1,1,19,-0.0
404_B_1,1,20,0.0
404_B_1,1,21,0.0
404_B_1,1,22,0.0
404_B_1,1,23,0.0
404_B_1,1,24,0.0
404_B_1,1,25,-0.0
404_B_2,1,1,-0.0
404_B_2,1,2,-0.0
404_B_2,1,3,-0.0
404_B_2,1,4,-0.0
404_B_2,1,5,-0.0
404_B_2,1,6,-0.0
404_B_2,1,7,-0.0
404_B_2,1,8,-0.0
404_B_2,1,9,-0.0
404_B_2,1,10,-0.0
404_B_2,1,11,-0.0
404_B_2,1,12,-0.0
404_B_2,1,13,-0.0
404_B_2,1,14,-0.0
404_B_2,1,15,-0.0
404_B_2,1,16,-0.0
404_B_2,1,17,-0.0
404_B_2,1,18,-0.0
404_B_2,1,19,-0.0
404_B_2,1,20,-0.0
404_B_2,1,21,-0.0
404_B_2,1,22,-0.0
404_B_2,1,23,-0.0
404_B_2,1,24,-0.0
404_B_2,1,25,-0.0
404_G_4,1,1,1.0
404_G_4,1,2,1.0
404_G_4,1,3,1.0
404_G_4,1,4,1.0
404_G_4,1,5,1.0
404_G_4,1,6,1.0
404_G_4,1,7,1.0
404_G_4,1,8,1.0
404_G_4,1,9,1.0
404_G_4,1,10,1.0
404_G_4,1,11,1.0
404_G_4,1,12,1.0
404_G_4,1,13,1.0
404_G_4,1,14,1.0
404_G_4,1,15,1.0
404_G_4,1,16,1.0
404_G_4,1,17,1.0
404_G_4,1,18,1.0
404_G_4,1,19,1.0
404_G_4,1,20,1.0
404_G_4,1,21,1.0
404_G_4,1,22,1.0
404_G_4,1,23,1.0
404_G_4,1,24,1.0
404_G_4,1,25,1.0
404_G_5,1,1,1.0
404_G_5,1,2,1.0
404_G_5,1,3,1.0
404_G_5,1,4,1.0
404_G_5,1,5,1.0
404_G_5,1,6,1.0
404_G_5,1,7,1.0
404_G_5,1,8,1.0
404_G_5,1,9,1.0
404_G_5,1,10,1.0
404_G_5,1,11,1.0
404_G_5,1,12,1.0
404_G_5,1,13,1.0
404_G_5,1,14,1.0
404_G_5,1,15,1.0
404_G_5,1,16,1.0
404_G_5,1,17,1.0
404_G_5,1,18,1.0
404_G_5,1,19,1.0
404_G_5,1,20,1.0
404_G_5,1,21,1.0
404_G_5,1,22,1.0
404_G_5,1,23,1.0
404_G_5,1,24,1.0
404_G_5,1,25,1.0
404_G_6,1,1,-0.0
404_G_6,1,2,-0.0
404_G_6,1,3,-0.0
404_G_6,1,4,-0.0
404_G_6,1,5,-0.0
404_G_6,1,6,-0.0
404_G_6,1,7,-0.0
404_G_6,1,8,-0.0
404_G_6,1,9,-0.0
404_G_6,1,10,-0.0
404_G_6,1,11,-0.0
404_G_6,1,12,-0.0
404_G_6,1,13,-0.0
404_G_6,1,14,0.0
404_G_6,1,15,0.0
404_G_6,1,16,0.0
404_G_6,1,17,0.0
404_G_6,1,18,0.0
404_G_6,1,19,0.0
404_G_6,1,20,0.0
404_G_6,1,21,0.0
404_G_6,1,22,0.0
404_G_6,1,23,0.0
404_G_6,1,24,0.0
404_G_6,1,25,-0.0
404_G_7,1,1,-0.0
404_G_7,1,2,-0.0
404_G_7,1,3,-0.0
404_G_7,1,4,-0.0
404_G_7,1,5,-0.0
404_G_7,1,6,-0.0
404_G_7,1,7,-0.0
404_G_7,1,8,-0.0
404_G_7,1,9,-0.0
404_G_7,1,10,-0.0
404_G_7,1,11,-0.0
404_G_7,1,12,-0.0
404_G_7,1,13,-0.0
404_G_7,1,14,-0.0
404_G_7,1,15,0.0
404_G_7,1,16,0.0
404_G_7,1,17,0.0
404_G_7,1,18,1.0
404_G_7,1,19,1.0
404_G_7,1,20,-0.0
404_G_7,1,21,0.0
404_G_7,1,22,0.0
404_G_7,1,23,0.0
404_G_7,1,24,0.0
404_G_7,1,25,-0.0
408_G_6,1,1,1.0
408_G_6,1,2,1.0
408_G_6,1,3,1.0
408_G_6,1,4,1.0
408_G_6,1,5,1.0
408_G_6,1,6,1.0
408_G_6,1,7,1.0
408_G_6,1,8,1.0
408_G_6,1,9,1.0
408_G_6,1,10,1.0
408_G_6,1,11,1.0
408_G_6,1,12,1.0
408_G_6,1,13,1.0
408_G_6,1,14,1.0
408_G_6,1,15,1.0
408_G_6,1,16,1.0
408_G_6,1,17,1.0
408_G_6,1,18,1.0
408_G_6,1,19,1.0
408_G_6,1,20,1.0
408_G_6,1,21,1.0
408_G_6,1,22,1.0
408_G_6,1,23,1.0
408_G_6,1,24,1.0
408_G_6,1,25,1.0
408_G_7,1,1,1.0
408_G_7,1,2,1.0
408_G_7,1,3,1.0
408_G_7,1,4,1.0
408_G_7,1,5,1.0
408_G_7,1,6,1.0
408_G_7,1,7,1.0
408_G_7,1,8,1.0
408_G_7,1,9,1.0
408_G_7,1,10,1.0
408_G_7,1,11,1.0
408_G_7,1,12,1.0
408_G_7,1,13,1.0
408_G_7,1,14,1.0
408_G_7,1,15,1.0
408_G_7,1,16,1.0
408_G_7,1,17,1.0
408_G_7,1,18,1.0
408_G_7,1,19,1.0
408_G_7,1,20,1.0
408_G_7,1,21,1.0
408_G_7,1,22,1.0
408_G_7,1,23,1.0
408_G_7,1,24,1.0
408_G_7,1,25,1.0
408_G_8,1,1,1.0
408_G_8,1,2,1.0
408_G_8,1,3,1.0
408_G_8,1,4,1.0
408_G_8,1,5,1.0
408_G_8,1,6,1.0
408_G_8,1,7,1.0
408_G_8,1,8,1.0
408_G_8,1,9,1.0
408_G_8,1,10,1.0
408_G_8,1,11,1.0
408_G_8,1,12,1.0
408_G_8,1,13,1.0
408_G_8,1,14,1.0
408_G_8,1,15,1.0
408_G_8,1,16,1.0
408_G_8,1,17,1.0
408_G_8,1,18,1.0
408_G_8,1,19,1.0
408_G_8,1,20,1.0
408_G_8,1,21,1.0
408_G_8,1,22,1.0
408_G_8,1,23,1.0
408_G_8,1,24,1.0
408_G_8,1,25,1.0
422_G_GT5,1,1,1.0
422_G_GT5,1,2,1.0
422_G_GT5,1,3,1.0
422_G_GT5,1,4,1.0
422_G_GT5,1,5,1.0
422_G_GT5,1,6,1.0
422_G_GT5,1,7,1.0
422_G_GT5,1,8,1.0
422_G_GT5,1,9,1.0
422_G_GT5,1,10,1.0
422_G_GT5,1,11,1.0
422_G_GT5,1,12,1.0
422_G_GT5,1,13,1.0
422_G_GT5,1,14,1.0
422_G_GT5,1,15,1.0
422_G_GT5,1,16,1.0
422_G_GT5,1,17,1.0
422_G_GT5,1,18,1.0
422_G_GT5,1,19,1.0
422_G_GT5,1,20,1.0
422_G_GT5,1,21,1.0
422_G_GT5,1,22,1.0
422_G_GT5,1,23,1.0
422_G_GT5,1,24,1.0
422_G_GT5,1,25,1.0
422_G_ST1,1,1,1.0
422_G_ST1,1,2,1.0
422_G_ST1,1,3,1.0
422_G_ST1,1,4,1.0
422_G_ST1,1,5,1.0
422_G_ST1,1,6,1.0
422_G_ST1,1,7,1.0
422_G_ST1,1,8,1.0
422_G_ST1,1,9,1.0
422_G_ST1,1,10,1.0
422_G_ST1,1,11,1.0
422_G_ST1,1,12,1.0
422_G_ST1,1,13,1.0
422_G_ST1,1,14,1.0
422_G_ST1,1,15,1.0
422_G_ST1,1,16,1.0
422_G_ST1,1,17,1.0
422_G_ST1,1,18,1.0
422_G_ST1,1,19,1.0
422_G_ST1,1,20,1.0
422_G_ST1,1,21,1.0
422_G_ST1,1,22,1.0
422_G_ST1,1,23,1.0
422_G_ST1,1,24,1.0
422_G_ST1,1,25,1.0
50066_G_UNT1,1,1,1.0
50066_G_UNT1,1,2,1.0
50066_G_UNT1,1,3,1.0
50066_G_UNT1,1,4,1.0
50066_G_UNT1,1,5,1.0
50066_G_UNT1,1,6,1.0
50066_G_UNT1,1,7,1.0
50066_G_UNT1,1,8,1.0
50066_G_UNT1,1,9,1.0
50066_G_UNT1,1,10,1.0
50066_G_UNT1,1,11,1.0
50066_G_UNT1,1,12,1.0
50066_G_UNT1,1,13,1.0
50066_G_UNT1,1,14,1.0
50066_G_UNT1,1,15,1.0
50066_G_UNT1,1,16,1.0
50066_G_UNT1,1,17,1.0
50066_G_UNT1,1,18,1.0
50066_G_UNT1,1,19,1.0
50066_G_UNT1,1,20,1.0
50066_G_UNT1,1,21,1.0
50066_G_UNT1,1,22,1.0
50066_G_UNT1,1,23,1.0
50066_G_UNT1,1,24,1.0
50066_G_UNT1,1,25,1.0
50066_G_UNT2,1,1,1.0
50066_G_UNT2,1,2,1.0
50066_G_UNT2,1,3,1.0
50066_G_UNT2,1,4,1.0
50066_G_UNT2,1,5,1.0
50066_G_UNT2,1,6,1.0
50066_G_UNT2,1,7,1.0
50066_G_UNT2,1,8,1.0
50066_G_UNT2,1,9,1.0
50066_G_UNT2,1,10,1.0
50066_G_UNT2,1,11,1.0
50066_G_UNT2,1,12,1.0
50066_G_UNT2,1,13,1.0
50066_G_UNT2,1,14,1.0
50066_G_UNT2,1,15,1.0
50066_G_UNT2,1,16,1.0
50066_G_UNT2,1,17,1.0
50066_G_UNT2,1,18,1.0
50066_G_UNT2,1,19,1.0
50066_G_UNT2,1,20,1.0
50066_G_UNT2,1,21,1.0
50066_G_UNT2,1,22,1.0
50066_G_UNT2,1,23,1.0
50066_G_UNT2,1,24,1.0
50066_G_UNT2,1,25,1.0
50134_G_GTAG,1,1,-0.0
50134_G_GTAG,1,2,-0.0
50134_G_GTAG,1,3,-0.0
50134_G_GTAG,1,4,-0.0
50134_G_GTAG,1,5,-0.0
50134_G_GTAG,1,6,-0.0
50134_G_GTAG,1,7,-0.0
50134_G_GTAG,1,8,-0.0
50134_G_GTAG,1,9,-0.0
50134_G_GTAG,1,10,-0.0
50134_G_GTAG,1,11,-0.0
50134_G_GTAG,1,12,-0.0
50134_G_GTAG,1,13,-0.0
50134_G_GTAG,1,14,0.0
50134_G_GTAG,1,15,0.0
50134_G_GTAG,1,16,0.0
50134_G_GTAG,1,17,0.0
50134_G_GTAG,1,18,1.0
50134_G_GTAG,1,19,1.0
50134_G_GTAG,1,20,1.0
50134_G_GTAG,1,21,-0.0
50134_G_GTAG,1,22,-0.0
50134_G_GTAG,1,23,-0.0
50134_G_GTAG,1,24,-0.0
50134_G_GTAG,1,25,-0.0
50134_G_GTBG,1,1,-0.0
50134_G_GTBG,1,2,-0.0
50134_G_GTBG,1,3,-0.0
50134_G_GTBG,1,4,-0.0
50134_G_GTBG,1,5,-0.0
50134_G_GTBG,1,6,-0.0
50134_G_GTBG,1,7,-0.0
50134_G_GTBG,1,8,-0.0
50134_G_GTBG,1,9,-0.0
50134_G_GTBG,1,10,-0.0
50134_G_GTBG,1,11,-0.0
50134_G_GTBG,1,12,-0.0
50134_G_GTBG,1,13,-0.0
50134_G_GTBG,1,14,0.0
50134_G_GTBG,1,15,-0.0
50134_G_GTBG,1,16,-0.0
50134_G_GTBG,1,17,0.0
50134_G_GTBG,1,18,1.0
50134_G_GTBG,1,19,1.0
50134_G_GTBG,1,20,1.0
50134_G_GTBG,1,21,-0.0
50134_G_GTBG,1,22,-0.0
50134_G_GTBG,1,23,-0.0
50134_G_GTBG,1,24,-0.0
50134_G_GTBG,1,25,-0.0
50134_G_GTCG,1,1,-0.0
50134_G_GTCG,1,2,-0.0
50134_G_GTCG,1,3,-0.0
50134_G_GTCG,1,4,-0.0
50134_G_GTCG,1,5,-0.0
50134_G_GTCG,1,6,-0.0
50134_G_GTCG,1,7,-0.0
50134_G_GTCG,1,8,-0.0
50134_G_GTCG,1,9,-0.0
50134_G_GTCG,1,10,-0.0
50134_G_GTCG,1,11,-0.0
50134_G_GTCG,1,12,-0.0
50134_G_GTCG,1,13,-0.0
50134_G_GTCG,1,14,0.0
50134_G_GTCG,1,15,0.0
50134_G_GTCG,1,16,0.0
50134_G_GTCG,1,17,0.0
50134_G_GTCG,1,18,1.0
50134_G_GTCG,1,19,1.0
50134_G_GTCG,1,20,1.0
50134_G_GTCG,1,21,-0.0
50134_G_GTCG,1,22,-0.0
50134_G_GTCG,1,23,-0.0
50134_G_GTCG,1,24,-0.0
50134_G_GTCG,1,25,-0.0
50134_G_GTDG,1,1,-0.0
50134_G_GTDG,1,2,-0.0
50134_G_GTDG,1,3,-0.0
50134_G_GTDG,1,4,-0.0
50134_G_GTDG,1,5,-0.0
50134_G_GTDG,1,6,-0.0
50134_G_GTDG,1,7,-0.0
50134_G_GTDG,1,8,-0.0
50134_G_GTDG,1,9,-0.0
50134_G_GTDG,1,10,-0.0
50134_G_GTDG,1,11,-0.0
50134_G_GTDG,1,12,-0.0
50134_G_GTDG,1,13,-0.0
50134_G_GTDG,1,14,-0.0
50134_G_GTDG,1,15,0.0
50134_G_GTDG,1,16,-0.0
50134_G_GTDG,1,17,0.0
50134_G_GTDG,1,18,1.0
50134_G_GTDG,1,19,1.0
50134_G_GTDG,1,20,1.0
50134_G_GTDG,1,21,-0.0
50134_G_GTDG,1,22,-0.0
50134_G_GTDG,1,23,-0.0
50134_G_GTDG,1,24,-0.0
50134_G_GTDG,1,25,-0.0
50210_G_GEN1,1,1,1.0
50210_G_GEN1,1,2,1.0
50210_G_GEN1,1,3,1.0
50210_G_GEN1,1,4,1.0
50210_G_GEN1,1,5,1.0
50210_G_GEN1,1,6,1.0
50210_G_GEN1,1,7,1.0
50210_G_GEN1,1,8,1.0
50210_G_GEN1,1,9,1.0
50210_G_GEN1,1,10,1.0
50210_G_GEN1,1,11,1.0
50210_G_GEN1,1,12,1.0
50210_G_GEN1,1,13,1.0
50210_G_GEN1,1,14,1.0
50210_G_GEN1,1,15,1.0
50210_G_GEN1,1,16,1.0
50210_G_GEN1,1,17,1.0
50210_G_GEN1,1,18,1.0
50210_G_GEN1,1,19,1.0
50210_G_GEN1,1,20,1.0
50210_G_GEN1,1,21,1.0
50210_G_GEN1,1,22,1.0
50210_G_GEN1,1,23,1.0
50210_G_GEN1,1,24,1.0
50210_G_GEN1,1,25,1.0
50210_G_GEN2,1,1,1.0
50210_G_GEN2,1,2,1.0
50210_G_GEN2,1,3,1.0
50210_G_GEN2,1,4,1.0
50210_G_GEN2,1,5,1.0
50210_G_GEN2,1,6,1.0
50210_G_GEN2,1,7,1.0
50210_G_GEN2,1,8,1.0
50210_G_GEN2,1,9,1.0
50210_G_GEN2,1,10,1.0
50210_G_GEN2,1,11,1.0
50210_G_GEN2,1,12,1.0
50210_G_GEN2,1,13,1.0
50210_G_GEN2,1,14,1.0
50210_G_GEN2,1,15,1.0
50210_G_GEN2,1,16,1.0
50210_G_GEN2,1,17,1.0
50210_G_GEN2,1,18,1.0
50210_G_GEN2,1,19,1.0
50210_G_GEN2,1,20,1.0
50210_G_GEN2,1,21,1.0
50210_G_GEN2,1,22,1.0
50210_G_GEN2,1,23,1.0
50210_G_GEN2,1,24,1.0
50210_G_GEN2,1,25,1.0
50216_G_GN91,1,1,1.0
50216_G_GN91,1,2,1.0
50216_G_GN91,1,3,1.0
50216_G_GN91,1,4,1.0
50216_G_GN91,1,5,1.0
50216_G_GN91,1,6,1.0
50216_G_GN91,1,7,1.0
50216_G_GN91,1,8,1.0
50216_G_GN91,1,9,1.0
50216_G_GN91,1,10,1.0
50216_G_GN91,1,11,1.0
50216_G_GN91,1,12,1.0
50216_G_GN91,1,13,1.0
50216_G_GN91,1,14,1.0
50216_G_GN91,1,15,1.0
50216_G_GN91,1,16,1.0
50216_G_GN91,1,17,1.0
50216_G_GN91,1,18,1.0
50216_G_GN91,1,19,1.0
50216_G_GN91,1,20,1.0
50216_G_GN91,1,21,1.0
50216_G_GN91,1,22,1.0
50216_G_GN91,1,23,0.0
50216_G_GN91,1,24,-0.0
50216_G_GN91,1,25,-0.0
50216_G_GN92,1,1,1.0
50216_G_GN92,1,2,1.0
50216_G_GN92,1,3,1.0
50216_G_GN92,1,4,1.0
50216_G_GN92,1,5,1.0
50216_G_GN92,1,6,1.0
50216_G_GN92,1,7,1.0
50216_G_GN92,1,8,1.0
50216_G_GN92,1,9,1.0
50216_G_GN92,1,10,1.0
50216_G_GN92,1,11,1.0
50216_G_GN92,1,12,1.0
50216_G_GN92,1,13,1.0
50216_G_GN92,1,14,1.0
50216_G_GN92,1,15,1.0
50216_G_GN92,1,16,1.0
50216_G_GN92,1,17,1.0
50216_G_GN92,1,18,1.0
50216_G_GN92,1,19,1.0
50216_G_GN92,1,20,1.0
50216_G_GN92,1,21,1.0
50216_G_GN92,1,22,-0.0
50216_G_GN92,1,23,-0.0
50216_G_GN92,1,24,-0.0
50216_G_GN92,1,25,-0.0
50216_G_GN93,1,1,1.0
50216_G_GN93,1,2,1.0
50216_G_GN93,1,3,1.0
50216_G_GN93,1,4,1.0
50216_G_GN93,1,5,1.0
50216_G_GN93,1,6,1.0
50216_G_GN93,1,7,1.0
50216_G_GN93,1,8,1.0
50216_G_GN93,1,9,1.0
50216_G_GN93,1,10,1.0
50216_G_GN93,1,11,1.0
50216_G_GN93,1,12,1.0
50216_G_GN93,1,13,1.0
50216_G_GN93,1,14,1.0
50216_G_GN93,1,15,1.0
50216_G_GN93,1,16,1.0
50216_G_GN93,1,17,1.0
50216_G_GN93,1,18,1.0
50216_G_GN93,1,19,1.0
50216_G_GN93,1,20,1.0
50216_G_GN93,1,21,1.0
50216_G_GN93,1,22,-0.0
50216_G_GN93,1,23,0.0
50216_G_GN93,1,24,0.0
50216_G_GN93,1,25,-0.0
50216_G_GN94,1,1,1.0
50216_G_GN94,1,2,1.0
50216_G_GN94,1,3,1.0
50216_G_GN94,1,4,1.0
50216_G_GN94,1,5,1.0
50216_G_GN94,1,6,1.0
50216_G_GN94,1,7,1.0
50216_G_GN94,1,8,1.0
50216_G_GN94,1,9,1.0
50216_G_GN94,1,10,1.0
50216_G_GN94,1,11,1.0
50216_G_GN94,1,12,1.0
50216_G_GN94,1,13,1.0
50216_G_GN94,1,14,1.0
50216_G_GN94,1,15,1.0
50216_G_GN94,1,16,1.0
50216_G_GN94,1,17,1.0
50216_G_GN94,1,18,1.0
50216_G_GN94,1,19,1.0
50216_G_GN94,1,20,1.0
50216_G_GN94,1,21,1.0
50216_G_GN94,1,22,-0.0
50216_G_GN94,1,23,0.0
50216_G_GN94,1,24,0.0
50216_G_GN94,1,25,-0.0
50216_G_GN95,1,1,1.0
50216_G_GN95,1,2,1.0
50216_G_GN95,1,3,1.0
50216_G_GN95,1,4,1.0
50216_G_GN95,1,5,1.0
50216_G_GN95,1,6,1.0
50216_G_GN95,1,7,1.0
50216_G_GN95,1,8,1.0
50216_G_GN95,1,9,1.0
50216_G_GN95,1,10,1.0
50216_G_GN95,1,11,1.0
50216_G_GN95,1,12,1.0
50216_G_GN95,1,13,1.0
50216_G_GN95,1,14,1.0
50216_G_GN95,1,15,1.0
50216_G_GN95,1,16,1.0
50216_G_GN95,1,17,1.0
50216_G_GN95,1,18,1.0
50216_G_GN95,1,19,1.0
50216_G_GN95,1,20,1.0
50216_G_GN95,1,21,1.0
50216_G_GN95,1,22,-0.0
50216_G_GN95,1,23,0.0
50216_G_GN95,1,24,0.0
50216_G_GN95,1,25,-0.0
50216_G_GN96,1,1,1.0
50216_G_GN96,1,2,1.0
50216_G_GN96,1,3,1.0
50216_G_GN96,1,4,1.0
50216_G_GN96,1,5,1.0
50216_G_GN96,1,6,1.0
50216_G_GN96,1,7,1.0
50216_G_GN96,1,8,1.0
50216_G_GN96,1,9,1.0
50216_G_GN96,1,10,1.0
50216_G_GN96,1,11,1.0
50216_G_GN96,1,12,1.0
50216_G_GN96,1,13,1.0
50216_G_GN96,1,14,1.0
50216_G_GN96,1,15,1.0
50216_G_GN96,1,16,1.0
50216_G_GN96,1,17,1.0
50216_G_GN96,1,18,1.0
50216_G_GN96,1,19,1.0
50216_G_GN96,1,20,1.0
50216_G_GN96,1,21,1.0
50216_G_GN96,1,22,-0.0
50216_G_GN96,1,23,-0.0
50216_G_GN96,1,24,-0.0
50216_G_GN96,1,25,-0.0
50388_B_K1,1,1,1.0
50388_B_K1,1,2,1.0
50388_B_K1,1,3,1.0
50388_B_K1,1,4,1.0
50388_B_K1,1,5,1.0
50388_B_K1,1,6,1.0
50388_B_K1,1,7,1.0
50388_B_K1,1,8,1.0
50388_B_K1,1,9,1.0
50388_B_K1,1,10,1.0
50388_B_K1,1,11,1.0
50388_B_K1,1,12,1.0
50388_B_K1,1,13,1.0
50388_B_K1,1,14,1.0
50388_B_K1,1,15,1.0
50388_B_K1,1,16,1.0
50388_B_K1,1,17,1.0
50388_B_K1,1,18,1.0
50388_B_K1,1,19,1.0
50388_B_K1,1,20,1.0
50388_B_K1,1,21,1.0
50388_B_K1,1,22,1.0
50388_B_K1,1,23,1.0
50388_B_K1,1,24,1.0
50388_B_K1,1,25,1.0
50388_B_K2,1,1,1.0
50388_B_K2,1,2,1.0
50388_B_K2,1,3,1.0
50388_B_K2,1,4,1.0
50388_B_K2,1,5,1.0
50388_B_K2,1,6,1.0
50388_B_K2,1,7,1.0
50388_B_K2,1,8,1.0
50388_B_K2,1,9,1.0
50388_B_K2,1,10,1.0
50388_B_K2,1,11,1.0
50388_B_K2,1,12,1.0
50388_B_K2,1,13,1.0
50388_B_K2,1,14,1.0
50388_B_K2,1,15,1.0
50388_B_K2,1,16,1.0
50388_B_K2,1,17,1.0
50388_B_K2,1,18,1.0
50388_B_K2,1,19,1.0
50388_B_K2,1,20,1.0
50388_B_K2,1,21,1.0
50388_B_K2,1,22,1.0
50388_B_K2,1,23,1.0
50388_B_K2,1,24,1.0
50388_B_K2,1,25,1.0
50541_G_GEN1,1,1,-0.0
50541_G_GEN1,1,2,-0.0
50541_G_GEN1,1,3,-0.0
50541_G_GEN1,1,4,-0.0
50541_G_GEN1,1,5,-0.0
50541_G_GEN1,1,6,-0.0
50541_G_GEN1,1,7,-0.0
50541_G_GEN1,1,8,-0.0
50541_G_GEN1,1,9,-0.0
50541_G_GEN1,1,10,-0.0
50541_G_GEN1,1,11,-0.0
50541_G_GEN1,1,12,-0.0
50541_G_GEN1,1,13,-0.0
50541_G_GEN1,1,14,-0.0
50541_G_GEN1,1,15,-0.0
50541_G_GEN1,1,16,-0.0
50541_G_GEN1,1,17,-0.0
50541_G_GEN1,1,18,1.0
50541_G_GEN1,1,19,1.0
50541_G_GEN1,1,20,1.0
50541_G_GEN1,1,21,0.0
50541_G_GEN1,1,22,-0.0
50541_G_GEN1,1,23,0.0
50541_G_GEN1,1,24,-0.0
50541_G_GEN1,1,25,-0.0
50541_G_ST1,1,1,-0.0
50541_G_ST1,1,2,-0.0
50541_G_ST1,1,3,-0.0
50541_G_ST1,1,4,-0.0
50541_G_ST1,1,5,-0.0
50541_G_ST1,1,6,-0.0
50541_G_ST1,1,7,-0.0
50541_G_ST1,1,8,-0.0
50541_G_ST1,1,9,-0.0
50541_G_ST1,1,10,-0.0
50541_G_ST1,1,11,-0.0
50541_G_ST1,1,12,-0.0
50541_G_ST1,1,13,-0.0
50541_G_ST1,1,14,-0.0
50541_G_ST1,1,15,-0.0
50541_G_ST1,1,16,-0.0
50541_G_ST1,1,17,-0.0
50541_G_ST1,1,18,0.0
50541_G_ST1,1,19,0.0
50541_G_ST1,1,20,-0.0
50541_G_ST1,1,21,0.0
50541_G_ST1,1,22,0.0
50541_G_ST1,1,23,0.0
50541_G_ST1,1,24,-0.0
50541_G_ST1,1,25,-0.0
50541_G_ST2,1,1,-0.0
50541_G_ST2,1,2,-0.0
50541_G_ST2,1,3,-0.0
50541_G_ST2,1,4,-0.0
50541_G_ST2,1,5,-0.0
50541_G_ST2,1,6,-0.0
50541_G_ST2,1,7,-0.0
50541_G_ST2,1,8,-0.0
50541_G_ST2,1,9,-0.0
50541_G_ST2,1,10,-0.0
50541_G_ST2,1,11,-0.0
50541_G_ST2,1,12,-0.0
50541_G_ST2,1,13,-0.0
50541_G_ST2,1,14,-0.0
50541_G_ST2,1,15,-0.0
50541_G_ST2,1,16,-0.0
50541_G_ST2,1,17,-0.0
50541_G_ST2,1,18,1.0
50541_G_ST2,1,19,1.0
50541_G_ST2,1,20,1.0
50541_G_ST2,1,21,0.0
50541_G_ST2,1,22,0.0
50541_G_ST2,1,23,0.0
50541_G_ST2,1,24,-0.0
50541_G_ST2,1,25,-0.0
50748_G_GEN1,1,1,1.0
50748_G_GEN1,1,2,1.0
50748_G_GEN1,1,3,1.0
50748_G_GEN1,1,4,1.0
50748_G_GEN1,1,5,1.0
50748_G_GEN1,1,6,1.0
50748_G_GEN1,1,7,1.0
50748_G_GEN1,1,8,1.0
50748_G_GEN1,1,9,1.0
50748_G_GEN1,1,10,1.0
50748_G_GEN1,1,11,1.0
50748_G_GEN1,1,12,1.0
50748_G_GEN1,1,13,1.0
50748_G_GEN1,1,14,1.0
50748_G_GEN1,1,15,1.0
50748_G_GEN1,1,16,1.0
50748_G_GEN1,1,17,1.0
50748_G_GEN1,1,18,1.0
50748_G_GEN1,1,19,1.0
50748_G_GEN1,1,20,1.0
50748_G_GEN1,1,21,1.0
50748_G_GEN1,1,22,1.0
50748_G_GEN1,1,23,1.0
50748_G_GEN1,1,24,1.0
50748_G_GEN1,1,25,0.0
50748_G_GEN2,1,1,1.0
50748_G_GEN2,1,2,1.0
50748_G_GEN2,1,3,1.0
50748_G_GEN2,1,4,1.0
50748_G_GEN2,1,5,1.0
50748_G_GEN2,1,6,1.0
50748_G_GEN2,1,7,1.0
50748_G_GEN2,1,8,1.0
50748_G_GEN2,1,9,1.0
50748_G_GEN2,1,10,1.0
50748_G_GEN2,1,11,1.0
50748_G_GEN2,1,12,1.0
50748_G_GEN2,1,13,1.0
50748_G_GEN2,1,14,1.0
50748_G_GEN2,1,15,1.0
50748_G_GEN2,1,16,1.0
50748_G_GEN2,1,17,1.0
50748_G_GEN2,1,18,1.0
50748_G_GEN2,1,19,1.0
50748_G_GEN2,1,20,1.0
50748_G_GEN2,1,21,1.0
50748_G_GEN2,1,22,1.0
50748_G_GEN2,1,23,1.0
50748_G_GEN2,1,24,1.0
50748_G_GEN2,1,25,-0.0
50766_G_ITLU1,1,1,1.0
50766_G_ITLU1,1,2,1.0
50766_G_ITLU1,1,3,1.0
50766_G_ITLU1,1,4,1.0
50766_G_ITLU1,1,5,1.0
50766_G_ITLU1,1,6,1.0
50766_G_ITLU1,1,7,1.0
50766_G_ITLU1,1,8,1.0
50766_G_ITLU1,1,9,1.0
50766_G_ITLU1,1,10,1.0
50766_G_ITLU1,1,11,1.0
50766_G_ITLU1,1,12,1.0
50766_G_ITLU1,1,13,1.0
50766_G_ITLU1,1,14,1.0
50766_G_ITLU1,1,15,1.0
50766_G_ITLU1,1,16,1.0
50766_G_ITLU1,1,17,1.0
50766_G_ITLU1,1,18,1.0
50766_G_ITLU1,1,19,1.0
50766_G_ITLU1,1,20,1.0
50766_G_ITLU1,1,21,1.0
50766_G_ITLU1,1,22,1.0
50766_G_ITLU1,1,23,1.0
50766_G_ITLU1,1,24,1.0
50766_G_ITLU1,1,25,1.0
50766_G_ITLU2,1,1,1.0
50766_G_ITLU2,1,2,1.0
50766_G_ITLU2,1,3,1.0
50766_G_ITLU2,1,4,1.0
50766_G_ITLU2,1,5,1.0
50766_G_ITLU2,1,6,1.0
50766_G_ITLU2,1,7,1.0
50766_G_ITLU2,1,8,1.0
50766_G_ITLU2,1,9,1.0
50766_G_ITLU2,1,10,1.0
50766_G_ITLU2,1,11,1.0
50766_G_ITLU2,1,12,1.0
50766_G_ITLU2,1,13,1.0
50766_G_ITLU2,1,14,1.0
50766_G_ITLU2,1,15,1.0
50766_G_ITLU2,1,16,1.0
50766_G_ITLU2,1,17,1.0
50766_G_ITLU2,1,18,1.0
50766_G_ITLU2,1,19,1.0
50766_G_ITLU2,1,20,1.0
50766_G_ITLU2,1,21,1.0
50766_G_ITLU2,1,22,1.0
50766_G_ITLU2,1,23,1.0
50766_G_ITLU2,1,24,1.0
50766_G_ITLU2,1,25,1.0
50766_G_OE31,1,1,1.0
50766_G_OE31,1,2,1.0
50766_G_OE31,1,3,1.0
50766_G_OE31,1,4,1.0
50766_G_OE31,1,5,1.0
50766_G_OE31,1,6,1.0
50766_G_OE31,1,7,1.0
50766_G_OE31,1,8,1.0
50766_G_OE31,1,9,1.0
50766_G_OE31,1,10,1.0
50766_G_OE31,1,11,1.0
50766_G_OE31,1,12,1.0
50766_G_OE31,1,13,1.0
50766_G_OE31,1,14,1.0
50766_G_OE31,1,15,1.0
50766_G_OE31,1,16,1.0
50766_G_OE31,1,17,1.0
50766_G_OE31,1,18,1.0
50766_G_OE31,1,19,1.0
50766_G_OE31,1,20,1.0
50766_G_OE31,1,21,1.0
50766_G_OE31,1,22,1.0
50766_G_OE31,1,23,1.0
50766_G_OE31,1,24,1.0
50766_G_OE31,1,25,1.0
50766_G_OE32,1,1,1.0
50766_G_OE32,1,2,1.0
50766_G_OE32,1,3,1.0
50766_G_OE32,1,4,1.0
50766_G_OE32,1,5,1.0
50766_G_OE32,1,6,1.0
50766_G_OE32,1,7,1.0
50766_G_OE32,1,8,1.0
50766_G_OE32,1,9,1.0
50766_G_OE32,1,10,1.0
50766_G_OE32,1,11,1.0
50766_G_OE32,1,12,1.0
50766_G_OE32,1,13,1.0
50766_G_OE32,1,14,1.0
50766_G_OE32,1,15,1.0
50766_G_OE32,1,16,1.0
50766_G_OE32,1,17,1.0
50766_G_OE32,1,18,1.0
50766_G_OE32,1,19,1.0
50766_G_OE32,1,20,1.0
50766_G_OE32,1,21,1.0
50766_G_OE32,1,22,1.0
50766_G_OE32,1,23,1.0
50766_G_OE32,1,24,1.0
50766_G_OE32,1,25,1.0
50849_G_GEN1,1,1,1.0
50849_G_GEN1,1,2,1.0
50849_G_GEN1,1,3,1.0
50849_G_GEN1,1,4,1.0
50849_G_GEN1,1,5,1.0
50849_G_GEN1,1,6,1.0
50849_G_GEN1,1,7,1.0
50849_G_GEN1,1,8,1.0
50849_G_GEN1,1,9,1.0
50849_G_GEN1,1,10,1.0
50849_G_GEN1,1,11,1.0
50849_G_GEN1,1,12,1.0
50849_G_GEN1,1,13,1.0
50849_G_GEN1,1,14,1.0
50849_G_GEN1,1,15,1.0
50849_G_GEN1,1,16,1.0
50849_G_GEN1,1,17,1.0
50849_G_GEN1,1,18,1.0
50849_G_GEN1,1,19,1.0
50849_G_GEN1,1,20,1.0
50849_G_GEN1,1,21,1.0
50849_G_GEN1,1,22,1.0
50849_G_GEN1,1,23,1.0
50849_G_GEN1,1,24,1.0
50849_G_GEN1,1,25,-0.0
50849_G_GEN2,1,1,1.0
50849_G_GEN2,1,2,1.0
50849_G_GEN2,1,3,1.0
50849_G_GEN2,1,4,1.0
50849_G_GEN2,1,5,1.0
50849_G_GEN2,1,6,1.0
50849_G_GEN2,1,7,1.0
50849_G_GEN2,1,8,1.0
50849_G_GEN2,1,9,1.0
50849_G_GEN2,1,10,1.0
50849_G_GEN2,1,11,1.0
50849_G_GEN2,1,12,1.0
50849_G_GEN2,1,13,1.0
50849_G_GEN2,1,14,1.0
50849_G_GEN2,1,15,1.0
50849_G_GEN2,1,16,1.0
50849_G_GEN2,1,17,1.0
50849_G_GEN2,1,18,1.0
50849_G_GEN2,1,19,1.0
50849_G_GEN2,1,20,1.0
50849_G_GEN2,1,21,1.0
50849_G_GEN2,1,22,-0.0
50849_G_GEN2,1,23,0.0
50849_G_GEN2,1,24,-0.0
50849_G_GEN2,1,25,-0.0
50850_G_GEN1,1,1,1.0
50850_G_GEN1,1,2,1.0
50850_G_GEN1,1,3,1.0
50850_G_GEN1,1,4,1.0
50850_G_GEN1,1,5,1.0
50850_G_GEN1,1,6,1.0
50850_G_GEN1,1,7,1.0
50850_G_GEN1,1,8,1.0
50850_G_GEN1,1,9,1.0
50850_G_GEN1,1,10,1.0
50850_G_GEN1,1,11,1.0
50850_G_GEN1,1,12,1.0
50850_G_GEN1,1,13,1.0
50850_G_GEN1,1,14,1.0
50850_G_GEN1,1,15,1.0
50850_G_GEN1,1,16,1.0
50850_G_GEN1,1,17,1.0
50850_G_GEN1,1,18,1.0
50850_G_GEN1,1,19,1.0
50850_G_GEN1,1,20,1.0
50850_G_GEN1,1,21,1.0
50850_G_GEN1,1,22,1.0
50850_G_GEN1,1,23,1.0
50850_G_GEN1,1,24,1.0
50850_G_GEN1,1,25,1.0
50850_G_GEN2,1,1,1.0
50850_G_GEN2,1,2,1.0
50850_G_GEN2,1,3,1.0
50850_G_GEN2,1,4,1.0
50850_G_GEN2,1,5,1.0
50850_G_GEN2,1,6,1.0
50850_G_GEN2,1,7,1.0
50850_G_GEN2,1,8,1.0
50850_G_GEN2,1,9,1.0
50850_G_GEN2,1,10,1.0
50850_G_GEN2,1,11,1.0
50850_G_GEN2,1,12,1.0
50850_G_GEN2,1,13,1.0
50850_G_GEN2,1,14,1.0
50850_G_GEN2,1,15,1.0
50850_G_GEN2,1,16,1.0
50850_G_GEN2,1,17,1.0
50850_G_GEN2,1,18,1.0
50850_G_GEN2,1,19,1.0
50850_G_GEN2,1,20,1.0
50850_G_GEN2,1,21,1.0
50850_G_GEN2,1,22,1.0
50850_G_GEN2,1,23,1.0
50850_G_GEN2,1,24,1.0
50850_G_GEN2,1,25,1.0
50851_G_GEN1,1,1,1.0
50851_G_GEN1,1,2,1.0
50851_G_GEN1,1,3,1.0
50851_G_GEN1,1,4,1.0
50851_G_GEN1,1,5,1.0
50851_G_GEN1,1,6,1.0
50851_G_GEN1,1,7,1.0
50851_G_GEN1,1,8,1.0
50851_G_GEN1,1,9,1.0
50851_G_GEN1,1,10,1.0
50851_G_GEN1,1,11,1.0
50851_G_GEN1,1,12,1.0
50851_G_GEN1,1,13,1.0
50851_G_GEN1,1,14,1.0
50851_G_GEN1,1,15,1.0
50851_G_GEN1,1,16,1.0
50851_G_GEN1,1,17,1.0
50851_G_GEN1,1,18,1.0
50851_G_GEN1,1,19,1.0
50851_G_GEN1,1,20,1.0
50851_G_GEN1,1,21,1.0
50851_G_GEN1,1,22,1.0
50851_G_GEN1,1,23,1.0
50851_G_GEN1,1,24,1.0
50851_G_GEN1,1,25,1.0
50851_G_GEN2,1,1,1.0
50851_G_GEN2,1,2,1.0
50851_G_GEN2,1,3,1.0
50851_G_GEN2,1,4,1.0
50851_G_GEN2,1,5,1.0
50851_G_GEN2,1,6,1.0
50851_G_GEN2,1,7,1.0
50851_G_GEN2,1,8,1.0
50851_G_GEN2,1,9,1.0
50851_G_GEN2,1,10,1.0
50851_G_GEN2,1,11,1.0
50851_G_GEN2,1,12,1.0
50851_G_GEN2,1,13,1.0
50851_G_GEN2,1,14,1.0
50851_G_GEN2,1,15,1.0
50851_G_GEN2,1,16,1.0
50851_G_GEN2,1,17,1.0
50851_G_GEN2,1,18,1.0
50851_G_GEN2,1,19,1.0
50851_G_GEN2,1,20,1.0
50851_G_GEN2,1,21,1.0
50851_G_GEN2,1,22,1.0
50851_G_GEN2,1,23,1.0
50851_G_GEN2,1,24,1.0
50851_G_GEN2,1,25,1.0
50964_G_IND,1,1,1.0
50964_G_IND,1,2,1.0
50964_G_IND,1,3,1.0
50964_G_IND,1,4,1.0
50964_G_IND,1,5,1.0
50964_G_IND,1,6,1.0
50964_G_IND,1,7,1.0
50964_G_IND,1,8,1.0
50964_G_IND,1,9,1.0
50964_G_IND,1,10,1.0
50964_G_IND,1,11,1.0
50964_G_IND,1,12,1.0
50964_G_IND,1,13,1.0
50964_G_IND,1,14,1.0
50964_G_IND,1,15,1.0
50964_G_IND,1,16,1.0
50964_G_IND,1,17,1.0
50964_G_IND,1,18,1.0
50964_G_IND,1,19,1.0
50964_G_IND,1,20,1.0
50964_G_IND,1,21,1.0
50964_G_IND,1,22,1.0
50964_G_IND,1,23,1.0
50964_G_IND,1,24,1.0
50964_G_IND,1,25,1.0
50964_G_SYN,1,1,1.0
50964_G_SYN,1,2,1.0
50964_G_SYN,1,3,1.0
50964_G_SYN,1,4,1.0
50964_G_SYN,1,5,1.0
50964_G_SYN,1,6,1.0
50964_G_SYN,1,7,1.0
50964_G_SYN,1,8,1.0
50964_G_SYN,1,9,1.0
50964_G_SYN,1,10,1.0
50964_G_SYN,1,11,1.0
50964_G_SYN,1,12,1.0
50964_G_SYN,1,13,1.0
50964_G_SYN,1,14,1.0
50964_G_SYN,1,15,1.0
50964_G_SYN,1,16,1.0
50964_G_SYN,1,17,1.0
50964_G_SYN,1,18,1.0
50964_G_SYN,1,19,1.0
50964_G_SYN,1,20,1.0
50964_G_SYN,1,21,1.0
50964_G_SYN,1,22,1.0
50964_G_SYN,1,23,1.0
50964_G_SYN,1,24,1.0
50964_G_SYN,1,25,1.0
510_G_1,1,1,1.0
510_G_1,1,2,1.0
510_G_1,1,3,1.0
510_G_1,1,4,1.0
510_G_1,1,5,1.0
510_G_1,1,6,1.0
510_G_1,1,7,1.0
510_G_1,1,8,1.0
510_G_1,1,9,1.0
510_G_1,1,10,1.0
510_G_1,1,11,1.0
510_G_1,1,12,1.0
510_G_1,1,13,1.0
510_G_1,1,14,1.0
510_G_1,1,15,1.0
510_G_1,1,16,1.0
510_G_1,1,17,1.0
510_G_1,1,18,1.0
510_G_1,1,19,1.0
510_G_1,1,20,1.0
510_G_1,1,21,1.0
510_G_1,1,22,1.0
510_G_1,1,23,1.0
510_G_1,1,24,1.0
510_G_1,1,25,1.0
52073_G_GEN1,1,1,1.0
52073_G_GEN1,1,2,1.0
52073_G_GEN1,1,3,1.0
52073_G_GEN1,1,4,1.0
52073_G_GEN1,1,5,1.0
52073_G_GEN1,1,6,1.0
52073_G_GEN1,1,7,1.0
52073_G_GEN1,1,8,1.0
52073_G_GEN1,1,9,1.0
52073_G_GEN1,1,10,1.0
52073_G_GEN1,1,11,1.0
52073_G_GEN1,1,12,1.0
52073_G_GEN1,1,13,1.0
52073_G_GEN1,1,14,1.0
52073_G_GEN1,1,15,1.0
52073_G_GEN1,1,16,1.0
52073_G_GEN1,1,17,1.0
52073_G_GEN1,1,18,1.0
52073_G_GEN1,1,19,1.0
52073_G_GEN1,1,20,1.0
52073_G_GEN1,1,21,1.0
52073_G_GEN1,1,22,1.0
52073_G_GEN1,1,23,1.0
52073_G_GEN1,1,24,1.0
52073_G_GEN1,1,25,1.0
52073_G_GEN2,1,1,1.0
52073_G_GEN2,1,2,1.0
52073_G_GEN2,1,3,1.0
52073_G_GEN2,1,4,1.0
52073_G_GEN2,1,5,1.0
52073_G_GEN2,1,6,1.0
52073_G_GEN2,1,7,1.0
52073_G_GEN2,1,8,1.0
52073_G_GEN2,1,9,1.0
52073_G_GEN2,1,10,1.0
52073_G_GEN2,1,11,1.0
52073_G_GEN2,1,12,1.0
52073_G_GEN2,1,13,1.0
52073_G_GEN2,1,14,1.0
52073_G_GEN2,1,15,1.0
52073_G_GEN2,1,16,1.0
52073_G_GEN2,1,17,1.0
52073_G_GEN2,1,18,1.0
52073_G_GEN2,1,19,1.0
52073_G_GEN2,1,20,1.0
52073_G_GEN2,1,21,1.0
52073_G_GEN2,1,22,1.0
52073_G_GEN2,1,23,1.0
52073_G_GEN2,1,24,1.0
52073_G_GEN2,1,25,1.0
52073_G_GEN3,1,1,1.0
52073_G_GEN3,1,2,1.0
52073_G_GEN3,1,3,1.0
52073_G_GEN3,1,4,1.0
52073_G_GEN3,1,5,1.0
52073_G_GEN3,1,6,1.0
52073_G_GEN3,1,7,1.0
52073_G_GEN3,1,8,1.0
52073_G_GEN3,1,9,1.0
52073_G_GEN3,1,10,1.0
52073_G_GEN3,1,11,1.0
52073_G_GEN3,1,12,1.0
52073_G_GEN3,1,13,1.0
52073_G_GEN3,1,14,1.0
52073_G_GEN3,1,15,1.0
52073_G_GEN3,1,16,1.0
52073_G_GEN3,1,17,1.0
52073_G_GEN3,1,18,1.0
52073_G_GEN3,1,19,1.0
52073_G_GEN3,1,20,1.0
52073_G_GEN3,1,21,1.0
52073_G_GEN3,1,22,1.0
52073_G_GEN3,1,23,1.0
52073_G_GEN3,1,24,1.0
52073_G_GEN3,1,25,1.0
52158_G_GEN1,1,1,1.0
52158_G_GEN1,1,2,1.0
52158_G_GEN1,1,3,1.0
52158_G_GEN1,1,4,1.0
52158_G_GEN1,1,5,1.0
52158_G_GEN1,1,6,1.0
52158_G_GEN1,1,7,1.0
52158_G_GEN1,1,8,1.0
52158_G_GEN1,1,9,1.0
52158_G_GEN1,1,10,1.0
52158_G_GEN1,1,11,1.0
52158_G_GEN1,1,12,1.0
52158_G_GEN1,1,13,1.0
52158_G_GEN1,1,14,1.0
52158_G_GEN1,1,15,1.0
52158_G_GEN1,1,16,1.0
52158_G_GEN1,1,17,1.0
52158_G_GEN1,1,18,1.0
52158_G_GEN1,1,19,1.0
52158_G_GEN1,1,20,1.0
52158_G_GEN1,1,21,1.0
52158_G_GEN1,1,22,1.0
52158_G_GEN1,1,23,1.0
52158_G_GEN1,1,24,1.0
52158_G_GEN1,1,25,1.0
52158_G_GEN2,1,1,1.0
52158_G_GEN2,1,2,1.0
52158_G_GEN2,1,3,1.0
52158_G_GEN2,1,4,1.0
52158_G_GEN2,1,5,1.0
52158_G_GEN2,1,6,1.0
52158_G_GEN2,1,7,1.0
52158_G_GEN2,1,8,1.0
52158_G_GEN2,1,9,1.0
52158_G_GEN2,1,10,1.0
52158_G_GEN2,1,11,1.0
52158_G_GEN2,1,12,1.0
52158_G_GEN2,1,13,1.0
52158_G_GEN2,1,14,1.0
52158_G_GEN2,1,15,1.0
52158_G_GEN2,1,16,1.0
52158_G_GEN2,1,17,1.0
52158_G_GEN2,1,18,1.0
52158_G_GEN2,1,19,1.0
52158_G_GEN2,1,20,1.0
52158_G_GEN2,1,21,1.0
52158_G_GEN2,1,22,1.0
52158_G_GEN2,1,23,1.0
52158_G_GEN2,1,24,1.0
52158_G_GEN2,1,25,1.0
535_G_1,1,1,-0.0
535_G_1,1,2,-0.0
535_G_1,1,3,-0.0
535_G_1,1,4,-0.0
535_G_1,1,5,-0.0
535_G_1,1,6,-0.0
535_G_1,1,7,-0.0
535_G_1,1,8,-0.0
535_G_1,1,9,-0.0
535_G_1,1,10,-0.0
535_G_1,1,11,-0.0
535_G_1,1,12,-0.0
535_G_1,1,13,-0.0
535_G_1,1,14,-0.0
535_G_1,1,15,0.0
535_G_1,1,16,0.0
535_G_1,1,17,0.0
535_G_1,1,18,0.0
535_G_1,1,19,-0.0
535_G_1,1,20,0.0
535_G_1,1,21,0.0
535_G_1,1,22,0.0
535_G_1,1,23,0.0
535_G_1,1,24,0.0
535_G_1,1,25,-0.0
54038_G_GEN1,1,1,1.0
54038_G_GEN1,1,2,1.0
54038_G_GEN1,1,3,1.0
54038_G_GEN1,1,4,1.0
54038_G_GEN1,1,5,1.0
54038_G_GEN1,1,6,1.0
54038_G_GEN1,1,7,1.0
54038_G_GEN1,1,8,1.0
54038_G_GEN1,1,9,1.0
54038_G_GEN1,1,10,1.0
54038_G_GEN1,1,11,1.0
54038_G_GEN1,1,12,1.0
54038_G_GEN1,1,13,1.0
54038_G_GEN1,1,14,1.0
54038_G_GEN1,1,15,1.0
54038_G_GEN1,1,16,1.0
54038_G_GEN1,1,17,1.0
54038_G_GEN1,1,18,1.0
54038_G_GEN1,1,19,1.0
54038_G_GEN1,1,20,1.0
54038_G_GEN1,1,21,1.0
54038_G_GEN1,1,22,1.0
54038_G_GEN1,1,23,1.0
54038_G_GEN1,1,24,1.0
54038_G_GEN1,1,25,1.0
54111_G_GE10,1,1,1.0
54111_G_GE10,1,2,1.0
54111_G_GE10,1,3,1.0
54111_G_GE10,1,4,1.0
54111_G_GE10,1,5,1.0
54111_G_GE10,1,6,1.0
54111_G_GE10,1,7,1.0
54111_G_GE10,1,8,1.0
54111_G_GE10,1,9,1.0
54111_G_GE10,1,10,1.0
54111_G_GE10,1,11,1.0
54111_G_GE10,1,12,1.0
54111_G_GE10,1,13,1.0
54111_G_GE10,1,14,1.0
54111_G_GE10,1,15,1.0
54111_G_GE10,1,16,1.0
54111_G_GE10,1,17,1.0
54111_G_GE10,1,18,1.0
54111_G_GE10,1,19,1.0
54111_G_GE10,1,20,1.0
54111_G_GE10,1,21,1.0
54111_G_GE10,1,22,1.0
54111_G_GE10,1,23,1.0
54111_G_GE10,1,24,1.0
54111_G_GE10,1,25,1.0
54111_G_GE11,1,1,1.0
54111_G_GE11,1,2,1.0
54111_G_GE11,1,3,1.0
54111_G_GE11,1,4,1.0
54111_G_GE11,1,5,1.0
54111_G_GE11,1,6,1.0
54111_G_GE11,1,7,1.0
54111_G_GE11,1,8,1.0
54111_G_GE11,1,9,1.0
54111_G_GE11,1,10,1.0
54111_G_GE11,1,11,1.0
54111_G_GE11,1,12,1.0
54111_G_GE11,1,13,1.0
54111_G_GE11,1,14,1.0
54111_G_GE11,1,15,1.0
54111_G_GE11,1,16,1.0
54111_G_GE11,1,17,1.0
54111_G_GE11,1,18,1.0
54111_G_GE11,1,19,1.0
54111_G_GE11,1,20,1.0
54111_G_GE11,1,21,1.0
54111_G_GE11,1,22,1.0
54111_G_GE11,1,23,1.0
54111_G_GE11,1,24,1.0
54111_G_GE11,1,25,1.0
54111_G_GE12,1,1,1.0
54111_G_GE12,1,2,1.0
54111_G_GE12,1,3,1.0
54111_G_GE12,1,4,1.0
54111_G_GE12,1,5,1.0
54111_G_GE12,1,6,1.0
54111_G_GE12,1,7,1.0
54111_G_GE12,1,8,1.0
54111_G_GE12,1,9,1.0
54111_G_GE12,1,10,1.0
54111_G_GE12,1,11,1.0
54111_G_GE12,1,12,1.0
54111_G_GE12,1,13,1.0
54111_G_GE12,1,14,1.0
54111_G_GE12,1,15,1.0
54111_G_GE12,1,16,1.0
54111_G_GE12,1,17,1.0
54111_G_GE12,1,18,1.0
54111_G_GE12,1,19,1.0
54111_G_GE12,1,20,1.0
54111_G_GE12,1,21,1.0
54111_G_GE12,1,22,1.0
54111_G_GE12,1,23,1.0
54111_G_GE12,1,24,1.0
54111_G_GE12,1,25,1.0
54111_G_GE13,1,1,1.0
54111_G_GE13,1,2,1.0
54111_G_GE13,1,3,1.0
54111_G_GE13,1,4,1.0
54111_G_GE13,1,5,1.0
54111_G_GE13,1,6,1.0
54111_G_GE13,1,7,1.0
54111_G_GE13,1,8,1.0
54111_G_GE13,1,9,1.0
54111_G_GE13,1,10,1.0
54111_G_GE13,1,11,1.0
54111_G_GE13,1,12,1.0
54111_G_GE13,1,13,1.0
54111_G_GE13,1,14,1.0
54111_G_GE13,1,15,1.0
54111_G_GE13,1,16,1.0
54111_G_GE13,1,17,1.0
54111_G_GE13,1,18,1.0
54111_G_GE13,1,19,1.0
54111_G_GE13,1,20,1.0
54111_G_GE13,1,21,1.0
54111_G_GE13,1,22,1.0
54111_G_GE13,1,23,1.0
54111_G_GE13,1,24,1.0
54111_G_GE13,1,25,1.0
54111_G_GEN1,1,1,1.0
54111_G_GEN1,1,2,1.0
54111_G_GEN1,1,3,1.0
54111_G_GEN1,1,4,1.0
54111_G_GEN1,1,5,1.0
54111_G_GEN1,1,6,1.0
54111_G_GEN1,1,7,1.0
54111_G_GEN1,1,8,1.0
54111_G_GEN1,1,9,1.0
54111_G_GEN1,1,10,1.0
54111_G_GEN1,1,11,1.0
54111_G_GEN1,1,12,1.0
54111_G_GEN1,1,13,1.0
54111_G_GEN1,1,14,1.0
54111_G_GEN1,1,15,1.0
54111_G_GEN1,1,16,1.0
54111_G_GEN1,1,17,1.0
54111_G_GEN1,1,18,1.0
54111_G_GEN1,1,19,1.0
54111_G_GEN1,1,20,1.0
54111_G_GEN1,1,21,1.0
54111_G_GEN1,1,22,1.0
54111_G_GEN1,1,23,1.0
54111_G_GEN1,1,24,1.0
54111_G_GEN1,1,25,1.0
54111_G_GEN14,1,1,1.0
54111_G_GEN14,1,2,1.0
54111_G_GEN14,1,3,1.0
54111_G_GEN14,1,4,1.0
54111_G_GEN14,1,5,1.0
54111_G_GEN14,1,6,1.0
54111_G_GEN14,1,7,1.0
54111_G_GEN14,1,8,1.0
54111_G_GEN14,1,9,1.0
54111_G_GEN14,1,10,1.0
54111_G_GEN14,1,11,1.0
54111_G_GEN14,1,12,1.0
54111_G_GEN14,1,13,1.0
54111_G_GEN14,1,14,1.0
54111_G_GEN14,1,15,1.0
54111_G_GEN14,1,16,1.0
54111_G_GEN14,1,17,1.0
54111_G_GEN14,1,18,1.0
54111_G_GEN14,1,19,1.0
54111_G_GEN14,1,20,1.0
54111_G_GEN14,1,21,1.0
54111_G_GEN14,1,22,1.0
54111_G_GEN14,1,23,1.0
54111_G_GEN14,1,24,1.0
54111_G_GEN14,1,25,1.0
54111_G_GEN2,1,1,1.0
54111_G_GEN2,1,2,1.0
54111_G_GEN2,1,3,1.0
54111_G_GEN2,1,4,1.0
54111_G_GEN2,1,5,1.0
54111_G_GEN2,1,6,1.0
54111_G_GEN2,1,7,1.0
54111_G_GEN2,1,8,1.0
54111_G_GEN2,1,9,1.0
54111_G_GEN2,1,10,1.0
54111_G_GEN2,1,11,1.0
54111_G_GEN2,1,12,1.0
54111_G_GEN2,1,13,1.0
54111_G_GEN2,1,14,1.0
54111_G_GEN2,1,15,1.0
54111_G_GEN2,1,16,1.0
54111_G_GEN2,1,17,1.0
54111_G_GEN2,1,18,1.0
54111_G_GEN2,1,19,1.0
54111_G_GEN2,1,20,1.0
54111_G_GEN2,1,21,1.0
54111_G_GEN2,1,22,1.0
54111_G_GEN2,1,23,1.0
54111_G_GEN2,1,24,1.0
54111_G_GEN2,1,25,1.0
54111_G_GEN3,1,1,1.0
54111_G_GEN3,1,2,1.0
54111_G_GEN3,1,3,1.0
54111_G_GEN3,1,4,1.0
54111_G_GEN3,1,5,1.0
54111_G_GEN3,1,6,1.0
54111_G_GEN3,1,7,1.0
54111_G_GEN3,1,8,1.0
54111_G_GEN3,1,9,1.0
54111_G_GEN3,1,10,1.0
54111_G_GEN3,1,11,1.0
54111_G_GEN3,1,12,1.0
54111_G_GEN3,1,13,1.0
54111_G_GEN3,1,14,1.0
54111_G_GEN3,1,15,1.0
54111_G_GEN3,1,16,1.0
54111_G_GEN3,1,17,1.0
54111_G_GEN3,1,18,1.0
54111_G_GEN3,1,19,1.0
54111_G_GEN3,1,20,1.0
54111_G_GEN3,1,21,1.0
54111_G_GEN3,1,22,1.0
54111_G_GEN3,1,23,1.0
54111_G_GEN3,1,24,1.0
54111_G_GEN3,1,25,1.0
54111_G_GEN4,1,1,1.0
54111_G_GEN4,1,2,1.0
54111_G_GEN4,1,3,1.0
54111_G_GEN4,1,4,1.0
54111_G_GEN4,1,5,1.0
54111_G_GEN4,1,6,1.0
54111_G_GEN4,1,7,1.0
54111_G_GEN4,1,8,1.0
54111_G_GEN4,1,9,1.0
54111_G_GEN4,1,10,1.0
54111_G_GEN4,1,11,1.0
54111_G_GEN4,1,12,1.0
54111_G_GEN4,1,13,1.0
54111_G_GEN4,1,14,1.0
54111_G_GEN4,1,15,1.0
54111_G_GEN4,1,16,1.0
54111_G_GEN4,1,17,1.0
54111_G_GEN4,1,18,1.0
54111_G_GEN4,1,19,1.0
54111_G_GEN4,1,20,1.0
54111_G_GEN4,1,21,1.0
54111_G_GEN4,1,22,1.0
54111_G_GEN4,1,23,1.0
54111_G_GEN4,1,24,1.0
54111_G_GEN4,1,25,1.0
54111_G_GEN5,1,1,1.0
54111_G_GEN5,1,2,1.0
54111_G_GEN5,1,3,1.0
54111_G_GEN5,1,4,1.0
54111_G_GEN5,1,5,1.0
54111_G_GEN5,1,6,1.0
54111_G_GEN5,1,7,1.0
54111_G_GEN5,1,8,1.0
54111_G_GEN5,1,9,1.0
54111_G_GEN5,1,10,1.0
54111_G_GEN5,1,11,1.0
54111_G_GEN5,1,12,1.0
54111_G_GEN5,1,13,1.0
54111_G_GEN5,1,14,1.0
54111_G_GEN5,1,15,1.0
54111_G_GEN5,1,16,1.0
54111_G_GEN5,1,17,1.0
54111_G_GEN5,1,18,1.0
54111_G_GEN5,1,19,1.0
54111_G_GEN5,1,20,1.0
54111_G_GEN5,1,21,1.0
54111_G_GEN5,1,22,1.0
54111_G_GEN5,1,23,1.0
54111_G_GEN5,1,24,1.0
54111_G_GEN5,1,25,1.0
54111_G_GEN6,1,1,1.0
54111_G_GEN6,1,2,1.0
54111_G_GEN6,1,3,1.0
54111_G_GEN6,1,4,1.0
54111_G_GEN6,1,5,1.0
54111_G_GEN6,1,6,1.0
54111_G_GEN6,1,7,1.0
54111_G_GEN6,1,8,1.0
54111_G_GEN6,1,9,1.0
54111_G_GEN6,1,10,1.0
54111_G_GEN6,1,11,1.0
54111_G_GEN6,1,12,1.0
54111_G_GEN6,1,13,1.0
54111_G_GEN6,1,14,1.0
54111_G_GEN6,1,15,1.0
54111_G_GEN6,1,16,1.0
54111_G_GEN6,1,17,1.0
54111_G_GEN6,1,18,1.0
54111_G_GEN6,1,19,1.0
54111_G_GEN6,1,20,1.0
54111_G_GEN6,1,21,1.0
54111_G_GEN6,1,22,1.0
54111_G_GEN6,1,23,1.0
54111_G_GEN6,1,24,1.0
54111_G_GEN6,1,25,1.0
54111_G_GEN7,1,1,1.0
54111_G_GEN7,1,2,1.0
54111_G_GEN7,1,3,1.0
54111_G_GEN7,1,4,1.0
54111_G_GEN7,1,5,1.0
54111_G_GEN7,1,6,1.0
54111_G_GEN7,1,7,1.0
54111_G_GEN7,1,8,1.0
54111_G_GEN7,1,9,1.0
54111_G_GEN7,1,10,1.0
54111_G_GEN7,1,11,1.0
54111_G_GEN7,1,12,1.0
54111_G_GEN7,1,13,1.0
54111_G_GEN7,1,14,1.0
54111_G_GEN7,1,15,1.0
54111_G_GEN7,1,16,1.0
54111_G_GEN7,1,17,1.0
54111_G_GEN7,1,18,1.0
54111_G_GEN7,1,19,1.0
54111_G_GEN7,1,20,1.0
54111_G_GEN7,1,21,1.0
54111_G_GEN7,1,22,1.0
54111_G_GEN7,1,23,1.0
54111_G_GEN7,1,24,1.0
54111_G_GEN7,1,25,1.0
54111_G_GEN8,1,1,1.0
54111_G_GEN8,1,2,1.0
54111_G_GEN8,1,3,1.0
54111_G_GEN8,1,4,1.0
54111_G_GEN8,1,5,1.0
54111_G_GEN8,1,6,1.0
54111_G_GEN8,1,7,1.0
54111_G_GEN8,1,8,1.0
54111_G_GEN8,1,9,1.0
54111_G_GEN8,1,10,1.0
54111_G_GEN8,1,11,1.0
54111_G_GEN8,1,12,1.0
54111_G_GEN8,1,13,1.0
54111_G_GEN8,1,14,1.0
54111_G_GEN8,1,15,1.0
54111_G_GEN8,1,16,1.0
54111_G_GEN8,1,17,1.0
54111_G_GEN8,1,18,1.0
54111_G_GEN8,1,19,1.0
54111_G_GEN8,1,20,1.0
54111_G_GEN8,1,21,1.0
54111_G_GEN8,1,22,1.0
54111_G_GEN8,1,23,1.0
54111_G_GEN8,1,24,1.0
54111_G_GEN8,1,25,1.0
54111_G_GEN9,1,1,1.0
54111_G_GEN9,1,2,1.0
54111_G_GEN9,1,3,1.0
54111_G_GEN9,1,4,1.0
54111_G_GEN9,1,5,1.0
54111_G_GEN9,1,6,1.0
54111_G_GEN9,1,7,1.0
54111_G_GEN9,1,8,1.0
54111_G_GEN9,1,9,1.0
54111_G_GEN9,1,10,1.0
54111_G_GEN9,1,11,1.0
54111_G_GEN9,1,12,1.0
54111_G_GEN9,1,13,1.0
54111_G_GEN9,1,14,1.0
54111_G_GEN9,1,15,1.0
54111_G_GEN9,1,16,1.0
54111_G_GEN9,1,17,1.0
54111_G_GEN9,1,18,1.0
54111_G_GEN9,1,19,1.0
54111_G_GEN9,1,20,1.0
54111_G_GEN9,1,21,1.0
54111_G_GEN9,1,22,1.0
54111_G_GEN9,1,23,1.0
54111_G_GEN9,1,24,1.0
54111_G_GEN9,1,25,1.0
54689_G_1,1,1,1.0
54689_G_1,1,2,1.0
54689_G_1,1,3,1.0
54689_G_1,1,4,1.0
54689_G_1,1,5,1.0
54689_G_1,1,6,1.0
54689_G_1,1,7,1.0
54689_G_1,1,8,1.0
54689_G_1,1,9,1.0
54689_G_1,1,10,1.0
54689_G_1,1,11,1.0
54689_G_1,1,12,1.0
54689_G_1,1,13,1.0
54689_G_1,1,14,1.0
54689_G_1,1,15,1.0
54689_G_1,1,16,1.0
54689_G_1,1,17,1.0
54689_G_1,1,18,1.0
54689_G_1,1,19,1.0
54689_G_1,1,20,1.0
54689_G_1,1,21,1.0
54689_G_1,1,22,1.0
54689_G_1,1,23,1.0
54689_G_1,1,24,1.0
54689_G_1,1,25,1.0
54689_G_2,1,1,1.0
54689_G_2,1,2,1.0
54689_G_2,1,3,1.0
54689_G_2,1,4,1.0
54689_G_2,1,5,1.0
54689_G_2,1,6,1.0
54689_G_2,1,7,1.0
54689_G_2,1,8,1.0
54689_G_2,1,9,1.0
54689_G_2,1,10,1.0
54689_G_2,1,11,1.0
54689_G_2,1,12,1.0
54689_G_2,1,13,1.0
54689_G_2,1,14,1.0
54689_G_2,1,15,1.0
54689_G_2,1,16,1.0
54689_G_2,1,17,1.0
54689_G_2,1,18,1.0
54689_G_2,1,19,1.0
54689_G_2,1,20,1.0
54689_G_2,1,21,1.0
54689_G_2,1,22,1.0
54689_G_2,1,23,1.0
54689_G_2,1,24,1.0
54689_G_2,1,25,1.0
54689_G_3,1,1,1.0
54689_G_3,1,2,1.0
54689_G_3,1,3,1.0
54689_G_3,1,4,1.0
54689_G_3,1,5,1.0
54689_G_3,1,6,1.0
54689_G_3,1,7,1.0
54689_G_3,1,8,1.0
54689_G_3,1,9,1.0
54689_G_3,1,10,1.0
54689_G_3,1,11,1.0
54689_G_3,1,12,1.0
54689_G_3,1,13,1.0
54689_G_3,1,14,1.0
54689_G_3,1,15,1.0
54689_G_3,1,16,1.0
54689_G_3,1,17,1.0
54689_G_3,1,18,1.0
54689_G_3,1,19,1.0
54689_G_3,1,20,1.0
54689_G_3,1,21,1.0
54689_G_3,1,22,1.0
54689_G_3,1,23,1.0
54689_G_3,1,24,1.0
54689_G_3,1,25,1.0
54724_G_OEC21,1,1,1.0
54724_G_OEC21,1,2,1.0
54724_G_OEC21,1,3,1.0
54724_G_OEC21,1,4,1.0
54724_G_OEC21,1,5,1.0
54724_G_OEC21,1,6,1.0
54724_G_OEC21,1,7,1.0
54724_G_OEC21,1,8,1.0
54724_G_OEC21,1,9,1.0
54724_G_OEC21,1,10,1.0
54724_G_OEC21,1,11,1.0
54724_G_OEC21,1,12,1.0
54724_G_OEC21,1,13,1.0
54724_G_OEC21,1,14,1.0
54724_G_OEC21,1,15,1.0
54724_G_OEC21,1,16,1.0
54724_G_OEC21,1,17,1.0
54724_G_OEC21,1,18,1.0
54724_G_OEC21,1,19,1.0
54724_G_OEC21,1,20,1.0
54724_G_OEC21,1,21,1.0
54724_G_OEC21,1,22,1.0
54724_G_OEC21,1,23,1.0
54724_G_OEC21,1,24,1.0
54724_G_OEC21,1,25,1.0
54724_G_OEC22,1,1,1.0
54724_G_OEC22,1,2,1.0
54724_G_OEC22,1,3,1.0
54724_G_OEC22,1,4,1.0
54724_G_OEC22,1,5,1.0
54724_G_OEC22,1,6,1.0
54724_G_OEC22,1,7,1.0
54724_G_OEC22,1,8,1.0
54724_G_OEC22,1,9,1.0
54724_G_OEC22,1,10,1.0
54724_G_OEC22,1,11,1.0
54724_G_OEC22,1,12,1.0
54724_G_OEC22,1,13,1.0
54724_G_OEC22,1,14,1.0
54724_G_OEC22,1,15,1.0
54724_G_OEC22,1,16,1.0
54724_G_OEC22,1,17,1.0
54724_G_OEC22,1,18,1.0
54724_G_OEC22,1,19,1.0
54724_G_OEC22,1,20,1.0
54724_G_OEC22,1,21,1.0
54724_G_OEC22,1,22,1.0
54724_G_OEC22,1,23,1.0
54724_G_OEC22,1,24,1.0
54724_G_OEC22,1,25,1.0
54749_G_CTG,1,1,1.0
54749_G_CTG,1,2,1.0
54749_G_CTG,1,3,1.0
54749_G_CTG,1,4,1.0
54749_G_CTG,1,5,1.0
54749_G_CTG,1,6,1.0
54749_G_CTG,1,7,1.0
54749_G_CTG,1,8,1.0
54749_G_CTG,1,9,1.0
54749_G_CTG,1,10,1.0
54749_G_CTG,1,11,1.0
54749_G_CTG,1,12,1.0
54749_G_CTG,1,13,1.0
54749_G_CTG,1,14,1.0
54749_G_CTG,1,15,1.0
54749_G_CTG,1,16,1.0
54749_G_CTG,1,17,1.0
54749_G_CTG,1,18,1.0
54749_G_CTG,1,19,1.0
54749_G_CTG,1,20,1.0
54749_G_CTG,1,21,1.0
54749_G_CTG,1,22,1.0
54749_G_CTG,1,23,1.0
54749_G_CTG,1,24,1.0
54749_G_CTG,1,25,1.0
54749_G_STG,1,1,1.0
54749_G_STG,1,2,1.0
54749_G_STG,1,3,1.0
54749_G_STG,1,4,1.0
54749_G_STG,1,5,1.0
54749_G_STG,1,6,1.0
54749_G_STG,1,7,1.0
54749_G_STG,1,8,1.0
54749_G_STG,1,9,1.0
54749_G_STG,1,10,1.0
54749_G_STG,1,11,1.0
54749_G_STG,1,12,1.0
54749_G_STG,1,13,1.0
54749_G_STG,1,14,1.0
54749_G_STG,1,15,1.0
54749_G_STG,1,16,1.0
54749_G_STG,1,17,1.0
54749_G_STG,1,18,1.0
54749_G_STG,1,19,1.0
54749_G_STG,1,20,1.0
54749_G_STG,1,21,1.0
54749_G_STG,1,22,1.0
54749_G_STG,1,23,1.0
54749_G_STG,1,24,1.0
54749_G_STG,1,25,1.0
54996_G_4100,1,1,1.0
54996_G_4100,1,2,1.0
54996_G_4100,1,3,1.0
54996_G_4100,1,4,1.0
54996_G_4100,1,5,1.0
54996_G_4100,1,6,1.0
54996_G_4100,1,7,1.0
54996_G_4100,1,8,1.0
54996_G_4100,1,9,1.0
54996_G_4100,1,10,1.0
54996_G_4100,1,11,1.0
54996_G_4100,1,12,1.0
54996_G_4100,1,13,1.0
54996_G_4100,1,14,1.0
54996_G_4100,1,15,1.0
54996_G_4100,1,16,1.0
54996_G_4100,1,17,1.0
54996_G_4100,1,18,1.0
54996_G_4100,1,19,1.0
54996_G_4100,1,20,1.0
54996_G_4100,1,21,1.0
54996_G_4100,1,22,1.0
54996_G_4100,1,23,1.0
54996_G_4100,1,24,1.0
54996_G_4100,1,25,1.0
55084_G_GE1,1,1,1.0
55084_G_GE1,1,2,1.0
55084_G_GE1,1,3,1.0
55084_G_GE1,1,4,1.0
55084_G_GE1,1,5,1.0
55084_G_GE1,1,6,1.0
55084_G_GE1,1,7,1.0
55084_G_GE1,1,8,1.0
55084_G_GE1,1,9,1.0
55084_G_GE1,1,10,1.0
55084_G_GE1,1,11,1.0
55084_G_GE1,1,12,1.0
55084_G_GE1,1,13,1.0
55084_G_GE1,1,14,1.0
55084_G_GE1,1,15,1.0
55084_G_GE1,1,16,1.0
55084_G_GE1,1,17,1.0
55084_G_GE1,1,18,1.0
55084_G_GE1,1,19,1.0
55084_G_GE1,1,20,1.0
55084_G_GE1,1,21,1.0
55084_G_GE1,1,22,1.0
55084_G_GE1,1,23,1.0
55084_G_GE1,1,24,1.0
55084_G_GE1,1,25,1.0
55112_G_CT01,1,1,1.0
55112_G_CT01,1,2,1.0
55112_G_CT01,1,3,1.0
55112_G_CT01,1,4,1.0
55112_G_CT01,1,5,1.0
55112_G_CT01,1,6,1.0
55112_G_CT01,1,7,1.0
55112_G_CT01,1,8,1.0
55112_G_CT01,1,9,1.0
55112_G_CT01,1,10,1.0
55112_G_CT01,1,11,1.0
55112_G_CT01,1,12,1.0
55112_G_CT01,1,13,1.0
55112_G_CT01,1,14,1.0
55112_G_CT01,1,15,1.0
55112_G_CT01,1,16,1.0
55112_G_CT01,1,17,1.0
55112_G_CT01,1,18,1.0
55112_G_CT01,1,19,1.0
55112_G_CT01,1,20,1.0
55112_G_CT01,1,21,1.0
55112_G_CT01,1,22,1.0
55112_G_CT01,1,23,1.0
55112_G_CT01,1,24,1.0
55112_G_CT01,1,25,1.0
55112_G_CT02,1,1,1.0
55112_G_CT02,1,2,1.0
55112_G_CT02,1,3,1.0
55112_G_CT02,1,4,1.0
55112_G_CT02,1,5,1.0
55112_G_CT02,1,6,1.0
55112_G_CT02,1,7,1.0
55112_G_CT02,1,8,1.0
55112_G_CT02,1,9,1.0
55112_G_CT02,1,10,1.0
55112_G_CT02,1,11,1.0
55112_G_CT02,1,12,1.0
55112_G_CT02,1,13,1.0
55112_G_CT02,1,14,1.0
55112_G_CT02,1,15,1.0
55112_G_CT02,1,16,1.0
55112_G_CT02,1,17,1.0
55112_G_CT02,1,18,1.0
55112_G_CT02,1,19,1.0
55112_G_CT02,1,20,1.0
55112_G_CT02,1,21,1.0
55112_G_CT02,1,22,1.0
55112_G_CT02,1,23,1.0
55112_G_CT02,1,24,1.0
55112_G_CT02,1,25,1.0
55112_G_ST01,1,1,1.0
55112_G_ST01,1,2,1.0
55112_G_ST01,1,3,1.0
55112_G_ST01,1,4,1.0
55112_G_ST01,1,5,1.0
55112_G_ST01,1,6,1.0
55112_G_ST01,1,7,1.0
55112_G_ST01,1,8,1.0
55112_G_ST01,1,9,1.0
55112_G_ST01,1,10,1.0
55112_G_ST01,1,11,1.0
55112_G_ST01,1,12,1.0
55112_G_ST01,1,13,1.0
55112_G_ST01,1,14,1.0
55112_G_ST01,1,15,1.0
55112_G_ST01,1,16,1.0
55112_G_ST01,1,17,1.0
55112_G_ST01,1,18,1.0
55112_G_ST01,1,19,1.0
55112_G_ST01,1,20,1.0
55112_G_ST01,1,21,1.0
55112_G_ST01,1,22,1.0
55112_G_ST01,1,23,1.0
55112_G_ST01,1,24,1.0
55112_G_ST01,1,25,1.0
55182_G_STG,1,1,1.0
55182_G_STG,1,2,1.0
55182_G_STG,1,3,1.0
55182_G_STG,1,4,1.0
55182_G_STG,1,5,1.0
55182_G_STG,1,6,1.0
55182_G_STG,1,7,1.0
55182_G_STG,1,8,1.0
55182_G_STG,1,9,1.0
55182_G_STG,1,10,1.0
55182_G_STG,1,11,1.0
55182_G_STG,1,12,1.0
55182_G_STG,1,13,1.0
55182_G_STG,1,14,1.0
55182_G_STG,1,15,1.0
55182_G_STG,1,16,1.0
55182_G_STG,1,17,1.0
55182_G_STG,1,18,1.0
55182_G_STG,1,19,1.0
55182_G_STG,1,20,1.0
55182_G_STG,1,21,1.0
55182_G_STG,1,22,1.0
55182_G_STG,1,23,1.0
55182_G_STG,1,24,1.0
55182_G_STG,1,25,1.0
55182_G_X718,1,1,1.0
55182_G_X718,1,2,1.0
55182_G_X718,1,3,1.0
55182_G_X718,1,4,1.0
55182_G_X718,1,5,1.0
55182_G_X718,1,6,1.0
55182_G_X718,1,7,1.0
55182_G_X718,1,8,1.0
55182_G_X718,1,9,1.0
55182_G_X718,1,10,1.0
55182_G_X718,1,11,1.0
55182_G_X718,1,12,1.0
55182_G_X718,1,13,1.0
55182_G_X718,1,14,1.0
55182_G_X718,1,15,1.0
55182_G_X718,1,16,1.0
55182_G_X718,1,17,1.0
55182_G_X718,1,18,1.0
55182_G_X718,1,19,1.0
55182_G_X718,1,20,1.0
55182_G_X718,1,21,1.0
55182_G_X718,1,22,1.0
55182_G_X718,1,23,1.0
55182_G_X718,1,24,1.0
55182_G_X718,1,25,1.0
55182_G_X719,1,1,1.0
55182_G_X719,1,2,1.0
55182_G_X719,1,3,1.0
55182_G_X719,1,4,1.0
55182_G_X719,1,5,1.0
55182_G_X719,1,6,1.0
55182_G_X719,1,7,1.0
55182_G_X719,1,8,1.0
55182_G_X719,1,9,1.0
55182_G_X719,1,10,1.0
55182_G_X719,1,11,1.0
55182_G_X719,1,12,1.0
55182_G_X719,1,13,1.0
55182_G_X719,1,14,1.0
55182_G_X719,1,15,1.0
55182_G_X719,1,16,1.0
55182_G_X719,1,17,1.0
55182_G_X719,1,18,1.0
55182_G_X719,1,19,1.0
55182_G_X719,1,20,1.0
55182_G_X719,1,21,1.0
55182_G_X719,1,22,1.0
55182_G_X719,1,23,1.0
55182_G_X719,1,24,1.0
55182_G_X719,1,25,1.0
55217_G_CTG1,1,1,1.0
55217_G_CTG1,1,2,1.0
55217_G_CTG1,1,3,1.0
55217_G_CTG1,1,4,1.0
55217_G_CTG1,1,5,1.0
55217_G_CTG1,1,6,1.0
55217_G_CTG1,1,7,1.0
55217_G_CTG1,1,8,1.0
55217_G_CTG1,1,9,1.0
55217_G_CTG1,1,10,1.0
55217_G_CTG1,1,11,1.0
55217_G_CTG1,1,12,1.0
55217_G_CTG1,1,13,1.0
55217_G_CTG1,1,14,1.0
55217_G_CTG1,1,15,1.0
55217_G_CTG1,1,16,1.0
55217_G_CTG1,1,17,1.0
55217_G_CTG1,1,18,1.0
55217_G_CTG1,1,19,1.0
55217_G_CTG1,1,20,1.0
55217_G_CTG1,1,21,1.0
55217_G_CTG1,1,22,1.0
55217_G_CTG1,1,23,1.0
55217_G_CTG1,1,24,1.0
55217_G_CTG1,1,25,1.0
55217_G_CTG2,1,1,1.0
55217_G_CTG2,1,2,1.0
55217_G_CTG2,1,3,1.0
55217_G_CTG2,1,4,1.0
55217_G_CTG2,1,5,1.0
55217_G_CTG2,1,6,1.0
55217_G_CTG2,1,7,1.0
55217_G_CTG2,1,8,1.0
55217_G_CTG2,1,9,1.0
55217_G_CTG2,1,10,1.0
55217_G_CTG2,1,11,1.0
55217_G_CTG2,1,12,1.0
55217_G_CTG2,1,13,1.0
55217_G_CTG2,1,14,1.0
55217_G_CTG2,1,15,1.0
55217_G_CTG2,1,16,1.0
55217_G_CTG2,1,17,1.0
55217_G_CTG2,1,18,1.0
55217_G_CTG2,1,19,1.0
55217_G_CTG2,1,20,1.0
55217_G_CTG2,1,21,1.0
55217_G_CTG2,1,22,1.0
55217_G_CTG2,1,23,1.0
55217_G_CTG2,1,24,1.0
55217_G_CTG2,1,25,1.0
55217_G_STG3,1,1,1.0
55217_G_STG3,1,2,1.0
55217_G_STG3,1,3,1.0
55217_G_STG3,1,4,1.0
55217_G_STG3,1,5,1.0
55217_G_STG3,1,6,1.0
55217_G_STG3,1,7,1.0
55217_G_STG3,1,8,1.0
55217_G_STG3,1,9,1.0
55217_G_STG3,1,10,1.0
55217_G_STG3,1,11,1.0
55217_G_STG3,1,12,1.0
55217_G_STG3,1,13,1.0
55217_G_STG3,1,14,1.0
55217_G_STG3,1,15,1.0
55217_G_STG3,1,16,1.0
55217_G_STG3,1,17,1.0
55217_G_STG3,1,18,1.0
55217_G_STG3,1,19,1.0
55217_G_STG3,1,20,1.0
55217_G_STG3,1,21,1.0
55217_G_STG3,1,22,1.0
55217_G_STG3,1,23,1.0
55217_G_STG3,1,24,1.0
55217_G_STG3,1,25,1.0
55295_G_CT1,1,1,1.0
55295_G_CT1,1,2,1.0
55295_G_CT1,1,3,1.0
55295_G_CT1,1,4,1.0
55295_G_CT1,1,5,1.0
55295_G_CT1,1,6,1.0
55295_G_CT1,1,7,1.0
55295_G_CT1,1,8,1.0
55295_G_CT1,1,9,1.0
55295_G_CT1,1,10,1.0
55295_G_CT1,1,11,1.0
55295_G_CT1,1,12,1.0
55295_G_CT1,1,13,1.0
55295_G_CT1,1,14,1.0
55295_G_CT1,1,15,1.0
55295_G_CT1,1,16,1.0
55295_G_CT1,1,17,1.0
55295_G_CT1,1,18,1.0
55295_G_CT1,1,19,1.0
55295_G_CT1,1,20,1.0
55295_G_CT1,1,21,1.0
55295_G_CT1,1,22,1.0
55295_G_CT1,1,23,1.0
55295_G_CT1,1,24,1.0
55295_G_CT1,1,25,1.0
55295_G_CT2,1,1,1.0
55295_G_CT2,1,2,1.0
55295_G_CT2,1,3,1.0
55295_G_CT2,1,4,1.0
55295_G_CT2,1,5,1.0
55295_G_CT2,1,6,1.0
55295_G_CT2,1,7,1.0
55295_G_CT2,1,8,1.0
55295_G_CT2,1,9,1.0
55295_G_CT2,1,10,1.0
55295_G_CT2,1,11,1.0
55295_G_CT2,1,12,1.0
55295_G_CT2,1,13,1.0
55295_G_CT2,1,14,1.0
55295_G_CT2,1,15,1.0
55295_G_CT2,1,16,1.0
55295_G_CT2,1,17,1.0
55295_G_CT2,1,18,1.0
55295_G_CT2,1,19,1.0
55295_G_CT2,1,20,1.0
55295_G_CT2,1,21,1.0
55295_G_CT2,1,22,1.0
55295_G_CT2,1,23,1.0
55295_G_CT2,1,24,1.0
55295_G_CT2,1,25,1.0
55295_G_ST1,1,1,1.0
55295_G_ST1,1,2,1.0
55295_G_ST1,1,3,1.0
55295_G_ST1,1,4,1.0
55295_G_ST1,1,5,1.0
55295_G_ST1,1,6,1.0
55295_G_ST1,1,7,1.0
55295_G_ST1,1,8,1.0
55295_G_ST1,1,9,1.0
55295_G_ST1,1,10,1.0
55295_G_ST1,1,11,1.0
55295_G_ST1,1,12,1.0
55295_G_ST1,1,13,1.0
55295_G_ST1,1,14,1.0
55295_G_ST1,1,15,1.0
55295_G_ST1,1,16,1.0
55295_G_ST1,1,17,1.0
55295_G_ST1,1,18,1.0
55295_G_ST1,1,19,1.0
55295_G_ST1,1,20,1.0
55295_G_ST1,1,21,1.0
55295_G_ST1,1,22,1.0
55295_G_ST1,1,23,1.0
55295_G_ST1,1,24,1.0
55295_G_ST1,1,25,1.0
55333_G_CTG1,1,1,1.0
55333_G_CTG1,1,2,1.0
55333_G_CTG1,1,3,1.0
55333_G_CTG1,1,4,1.0
55333_G_CTG1,1,5,1.0
55333_G_CTG1,1,6,1.0
55333_G_CTG1,1,7,1.0
55333_G_CTG1,1,8,1.0
55333_G_CTG1,1,9,1.0
55333_G_CTG1,1,10,1.0
55333_G_CTG1,1,11,1.0
55333_G_CTG1,1,12,1.0
55333_G_CTG1,1,13,1.0
55333_G_CTG1,1,14,1.0
55333_G_CTG1,1,15,1.0
55333_G_CTG1,1,16,1.0
55333_G_CTG1,1,17,1.0
55333_G_CTG1,1,18,1.0
55333_G_CTG1,1,19,1.0
55333_G_CTG1,1,20,1.0
55333_G_CTG1,1,21,1.0
55333_G_CTG1,1,22,1.0
55333_G_CTG1,1,23,1.0
55333_G_CTG1,1,24,1.0
55333_G_CTG1,1,25,1.0
55333_G_CTG2,1,1,1.0
55333_G_CTG2,1,2,1.0
55333_G_CTG2,1,3,1.0
55333_G_CTG2,1,4,1.0
55333_G_CTG2,1,5,1.0
55333_G_CTG2,1,6,1.0
55333_G_CTG2,1,7,1.0
55333_G_CTG2,1,8,1.0
55333_G_CTG2,1,9,1.0
55333_G_CTG2,1,10,1.0
55333_G_CTG2,1,11,1.0
55333_G_CTG2,1,12,1.0
55333_G_CTG2,1,13,1.0
55333_G_CTG2,1,14,1.0
55333_G_CTG2,1,15,1.0
55333_G_CTG2,1,16,1.0
55333_G_CTG2,1,17,1.0
55333_G_CTG2,1,18,1.0
55333_G_CTG2,1,19,1.0
55333_G_CTG2,1,20,1.0
55333_G_CTG2,1,21,1.0
55333_G_CTG2,1,22,1.0
55333_G_CTG2,1,23,1.0
55333_G_CTG2,1,24,1.0
55333_G_CTG2,1,25,1.0
55333_G_CTG3,1,1,1.0
55333_G_CTG3,1,2,1.0
55333_G_CTG3,1,3,1.0
55333_G_CTG3,1,4,1.0
55333_G_CTG3,1,5,1.0
55333_G_CTG3,1,6,1.0
55333_G_CTG3,1,7,1.0
55333_G_CTG3,1,8,1.0
55333_G_CTG3,1,9,1.0
55333_G_CTG3,1,10,1.0
55333_G_CTG3,1,11,1.0
55333_G_CTG3,1,12,1.0
55333_G_CTG3,1,13,1.0
55333_G_CTG3,1,14,1.0
55333_G_CTG3,1,15,1.0
55333_G_CTG3,1,16,1.0
55333_G_CTG3,1,17,1.0
55333_G_CTG3,1,18,1.0
55333_G_CTG3,1,19,1.0
55333_G_CTG3,1,20,1.0
55333_G_CTG3,1,21,1.0
55333_G_CTG3,1,22,1.0
55333_G_CTG3,1,23,1.0
55333_G_CTG3,1,24,1.0
55333_G_CTG3,1,25,1.0
55333_G_STG1,1,1,1.0
55333_G_STG1,1,2,1.0
55333_G_STG1,1,3,1.0
55333_G_STG1,1,4,1.0
55333_G_STG1,1,5,1.0
55333_G_STG1,1,6,1.0
55333_G_STG1,1,7,1.0
55333_G_STG1,1,8,1.0
55333_G_STG1,1,9,1.0
55333_G_STG1,1,10,1.0
55333_G_STG1,1,11,1.0
55333_G_STG1,1,12,1.0
55333_G_STG1,1,13,1.0
55333_G_STG1,1,14,1.0
55333_G_STG1,1,15,1.0
55333_G_STG1,1,16,1.0
55333_G_STG1,1,17,1.0
55333_G_STG1,1,18,1.0
55333_G_STG1,1,19,1.0
55333_G_STG1,1,20,1.0
55333_G_STG1,1,21,1.0
55333_G_STG1,1,22,1.0
55333_G_STG1,1,23,1.0
55333_G_STG1,1,24,1.0
55333_G_STG1,1,25,1.0
55345_G_1-01,1,1,1.0
55345_G_1-01,1,2,1.0
55345_G_1-01,1,3,1.0
55345_G_1-01,1,4,1.0
55345_G_1-01,1,5,1.0
55345_G_1-01,1,6,1.0
55345_G_1-01,1,7,1.0
55345_G_1-01,1,8,1.0
55345_G_1-01,1,9,1.0
55345_G_1-01,1,10,1.0
55345_G_1-01,1,11,1.0
55345_G_1-01,1,12,1.0
55345_G_1-01,1,13,1.0
55345_G_1-01,1,14,1.0
55345_G_1-01,1,15,1.0
55345_G_1-01,1,16,1.0
55345_G_1-01,1,17,1.0
55345_G_1-01,1,18,1.0
55345_G_1-01,1,19,1.0
55345_G_1-01,1,20,1.0
55345_G_1-01,1,21,1.0
55345_G_1-01,1,22,1.0
55345_G_1-01,1,23,1.0
55345_G_1-01,1,24,1.0
55345_G_1-01,1,25,1.0
55345_G_1-02,1,1,1.0
55345_G_1-02,1,2,1.0
55345_G_1-02,1,3,1.0
55345_G_1-02,1,4,1.0
55345_G_1-02,1,5,1.0
55345_G_1-02,1,6,1.0
55345_G_1-02,1,7,1.0
55345_G_1-02,1,8,1.0
55345_G_1-02,1,9,1.0
55345_G_1-02,1,10,1.0
55345_G_1-02,1,11,1.0
55345_G_1-02,1,12,1.0
55345_G_1-02,1,13,1.0
55345_G_1-02,1,14,1.0
55345_G_1-02,1,15,1.0
55345_G_1-02,1,16,1.0
55345_G_1-02,1,17,1.0
55345_G_1-02,1,18,1.0
55345_G_1-02,1,19,1.0
55345_G_1-02,1,20,1.0
55345_G_1-02,1,21,1.0
55345_G_1-02,1,22,1.0
55345_G_1-02,1,23,1.0
55345_G_1-02,1,24,1.0
55345_G_1-02,1,25,1.0
55345_G_1-03,1,1,1.0
55345_G_1-03,1,2,1.0
55345_G_1-03,1,3,1.0
55345_G_1-03,1,4,1.0
55345_G_1-03,1,5,1.0
55345_G_1-03,1,6,1.0
55345_G_1-03,1,7,1.0
55345_G_1-03,1,8,1.0
55345_G_1-03,1,9,1.0
55345_G_1-03,1,10,1.0
55345_G_1-03,1,11,1.0
55345_G_1-03,1,12,1.0
55345_G_1-03,1,13,1.0
55345_G_1-03,1,14,1.0
55345_G_1-03,1,15,1.0
55345_G_1-03,1,16,1.0
55345_G_1-03,1,17,1.0
55345_G_1-03,1,18,1.0
55345_G_1-03,1,19,1.0
55345_G_1-03,1,20,1.0
55345_G_1-03,1,21,1.0
55345_G_1-03,1,22,1.0
55345_G_1-03,1,23,1.0
55345_G_1-03,1,24,1.0
55345_G_1-03,1,25,1.0
55393_G_CTG1,1,1,1.0
55393_G_CTG1,1,2,1.0
55393_G_CTG1,1,3,1.0
55393_G_CTG1,1,4,1.0
55393_G_CTG1,1,5,1.0
55393_G_CTG1,1,6,1.0
55393_G_CTG1,1,7,1.0
55393_G_CTG1,1,8,1.0
55393_G_CTG1,1,9,1.0
55393_G_CTG1,1,10,1.0
55393_G_CTG1,1,11,1.0
55393_G_CTG1,1,12,1.0
55393_G_CTG1,1,13,1.0
55393_G_CTG1,1,14,1.0
55393_G_CTG1,1,15,1.0
55393_G_CTG1,1,16,1.0
55393_G_CTG1,1,17,1.0
55393_G_CTG1,1,18,1.0
55393_G_CTG1,1,19,1.0
55393_G_CTG1,1,20,1.0
55393_G_CTG1,1,21,1.0
55393_G_CTG1,1,22,1.0
55393_G_CTG1,1,23,1.0
55393_G_CTG1,1,24,1.0
55393_G_CTG1,1,25,1.0
55393_G_CTG2,1,1,1.0
55393_G_CTG2,1,2,1.0
55393_G_CTG2,1,3,1.0
55393_G_CTG2,1,4,1.0
55393_G_CTG2,1,5,1.0
55393_G_CTG2,1,6,1.0
55393_G_CTG2,1,7,1.0
55393_G_CTG2,1,8,1.0
55393_G_CTG2,1,9,1.0
55393_G_CTG2,1,10,1.0
55393_G_CTG2,1,11,1.0
55393_G_CTG2,1,12,1.0
55393_G_CTG2,1,13,1.0
55393_G_CTG2,1,14,1.0
55393_G_CTG2,1,15,1.0
55393_G_CTG2,1,16,1.0
55393_G_CTG2,1,17,1.0
55393_G_CTG2,1,18,1.0
55393_G_CTG2,1,19,1.0
55393_G_CTG2,1,20,1.0
55393_G_CTG2,1,21,1.0
55393_G_CTG2,1,22,1.0
55393_G_CTG2,1,23,1.0
55393_G_CTG2,1,24,1.0
55393_G_CTG2,1,25,1.0
55393_G_STG1,1,1,1.0
55393_G_STG1,1,2,1.0
55393_G_STG1,1,3,1.0
55393_G_STG1,1,4,1.0
55393_G_STG1,1,5,1.0
55393_G_STG1,1,6,1.0
55393_G_STG1,1,7,1.0
55393_G_STG1,1,8,1.0
55393_G_STG1,1,9,1.0
55393_G_STG1,1,10,1.0
55393_G_STG1,1,11,1.0
55393_G_STG1,1,12,1.0
55393_G_STG1,1,13,1.0
55393_G_STG1,1,14,1.0
55393_G_STG1,1,15,1.0
55393_G_STG1,1,16,1.0
55393_G_STG1,1,17,1.0
55393_G_STG1,1,18,1.0
55393_G_STG1,1,19,1.0
55393_G_STG1,1,20,1.0
55393_G_STG1,1,21,1.0
55393_G_STG1,1,22,1.0
55393_G_STG1,1,23,1.0
55393_G_STG1,1,24,1.0
55393_G_STG1,1,25,1.0
55400_G_CTG1,1,1,1.0
55400_G_CTG1,1,2,1.0
55400_G_CTG1,1,3,1.0
55400_G_CTG1,1,4,1.0
55400_G_CTG1,1,5,1.0
55400_G_CTG1,1,6,1.0
55400_G_CTG1,1,7,1.0
55400_G_CTG1,1,8,1.0
55400_G_CTG1,1,9,1.0
55400_G_CTG1,1,10,1.0
55400_G_CTG1,1,11,1.0
55400_G_CTG1,1,12,1.0
55400_G_CTG1,1,13,1.0
55400_G_CTG1,1,14,1.0
55400_G_CTG1,1,15,1.0
55400_G_CTG1,1,16,1.0
55400_G_CTG1,1,17,1.0
55400_G_CTG1,1,18,1.0
55400_G_CTG1,1,19,1.0
55400_G_CTG1,1,20,1.0
55400_G_CTG1,1,21,1.0
55400_G_CTG1,1,22,1.0
55400_G_CTG1,1,23,1.0
55400_G_CTG1,1,24,1.0
55400_G_CTG1,1,25,1.0
55400_G_CTG2,1,1,1.0
55400_G_CTG2,1,2,1.0
55400_G_CTG2,1,3,1.0
55400_G_CTG2,1,4,1.0
55400_G_CTG2,1,5,1.0
55400_G_CTG2,1,6,1.0
55400_G_CTG2,1,7,1.0
55400_G_CTG2,1,8,1.0
55400_G_CTG2,1,9,1.0
55400_G_CTG2,1,10,1.0
55400_G_CTG2,1,11,1.0
55400_G_CTG2,1,12,1.0
55400_G_CTG2,1,13,1.0
55400_G_CTG2,1,14,1.0
55400_G_CTG2,1,15,1.0
55400_G_CTG2,1,16,1.0
55400_G_CTG2,1,17,1.0
55400_G_CTG2,1,18,1.0
55400_G_CTG2,1,19,1.0
55400_G_CTG2,1,20,1.0
55400_G_CTG2,1,21,1.0
55400_G_CTG2,1,22,1.0
55400_G_CTG2,1,23,1.0
55400_G_CTG2,1,24,1.0
55400_G_CTG2,1,25,1.0
55400_G_STG,1,1,1.0
55400_G_STG,1,2,1.0
55400_G_STG,1,3,1.0
55400_G_STG,1,4,1.0
55400_G_STG,1,5,1.0
55400_G_STG,1,6,1.0
55400_G_STG,1,7,1.0
55400_G_STG,1,8,1.0
55400_G_STG,1,9,1.0
55400_G_STG,1,10,1.0
55400_G_STG,1,11,1.0
55400_G_STG,1,12,1.0
55400_G_STG,1,13,1.0
55400_G_STG,1,14,1.0
55400_G_STG,1,15,1.0
55400_G_STG,1,16,1.0
55400_G_STG,1,17,1.0
55400_G_STG,1,18,1.0
55400_G_STG,1,19,1.0
55400_G_STG,1,20,1.0
55400_G_STG,1,21,1.0
55400_G_STG,1,22,1.0
55400_G_STG,1,23,1.0
55400_G_STG,1,24,1.0
55400_G_STG,1,25,1.0
55518_G_CTG1,1,1,1.0
55518_G_CTG1,1,2,1.0
55518_G_CTG1,1,3,1.0
55518_G_CTG1,1,4,1.0
55518_G_CTG1,1,5,1.0
55518_G_CTG1,1,6,1.0
55518_G_CTG1,1,7,1.0
55518_G_CTG1,1,8,1.0
55518_G_CTG1,1,9,1.0
55518_G_CTG1,1,10,1.0
55518_G_CTG1,1,11,1.0
55518_G_CTG1,1,12,1.0
55518_G_CTG1,1,13,1.0
55518_G_CTG1,1,14,1.0
55518_G_CTG1,1,15,1.0
55518_G_CTG1,1,16,1.0
55518_G_CTG1,1,17,1.0
55518_G_CTG1,1,18,1.0
55518_G_CTG1,1,19,1.0
55518_G_CTG1,1,20,1.0
55518_G_CTG1,1,21,1.0
55518_G_CTG1,1,22,1.0
55518_G_CTG1,1,23,1.0
55518_G_CTG1,1,24,1.0
55518_G_CTG1,1,25,1.0
55518_G_CTG2,1,1,1.0
55518_G_CTG2,1,2,1.0
55518_G_CTG2,1,3,1.0
55518_G_CTG2,1,4,1.0
55518_G_CTG2,1,5,1.0
55518_G_CTG2,1,6,1.0
55518_G_CTG2,1,7,1.0
55518_G_CTG2,1,8,1.0
55518_G_CTG2,1,9,1.0
55518_G_CTG2,1,10,1.0
55518_G_CTG2,1,11,1.0
55518_G_CTG2,1,12,1.0
55518_G_CTG2,1,13,1.0
55518_G_CTG2,1,14,1.0
55518_G_CTG2,1,15,1.0
55518_G_CTG2,1,16,1.0
55518_G_CTG2,1,17,1.0
55518_G_CTG2,1,18,1.0
55518_G_CTG2,1,19,1.0
55518_G_CTG2,1,20,1.0
55518_G_CTG2,1,21,1.0
55518_G_CTG2,1,22,1.0
55518_G_CTG2,1,23,1.0
55518_G_CTG2,1,24,1.0
55518_G_CTG2,1,25,1.0
55518_G_CTG3,1,1,1.0
55518_G_CTG3,1,2,1.0
55518_G_CTG3,1,3,1.0
55518_G_CTG3,1,4,1.0
55518_G_CTG3,1,5,1.0
55518_G_CTG3,1,6,1.0
55518_G_CTG3,1,7,1.0
55518_G_CTG3,1,8,1.0
55518_G_CTG3,1,9,1.0
55518_G_CTG3,1,10,1.0
55518_G_CTG3,1,11,1.0
55518_G_CTG3,1,12,1.0
55518_G_CTG3,1,13,1.0
55518_G_CTG3,1,14,1.0
55518_G_CTG3,1,15,1.0
55518_G_CTG3,1,16,1.0
55518_G_CTG3,1,17,1.0
55518_G_CTG3,1,18,1.0
55518_G_CTG3,1,19,1.0
55518_G_CTG3,1,20,1.0
55518_G_CTG3,1,21,1.0
55518_G_CTG3,1,22,1.0
55518_G_CTG3,1,23,1.0
55518_G_CTG3,1,24,1.0
55518_G_CTG3,1,25,1.0
55518_G_STG1,1,1,1.0
55518_G_STG1,1,2,1.0
55518_G_STG1,1,3,1.0
55518_G_STG1,1,4,1.0
55518_G_STG1,1,5,1.0
55518_G_STG1,1,6,1.0
55518_G_STG1,1,7,1.0
55518_G_STG1,1,8,1.0
55518_G_STG1,1,9,1.0
55518_G_STG1,1,10,1.0
55518_G_STG1,1,11,1.0
55518_G_STG1,1,12,1.0
55518_G_STG1,1,13,1.0
55518_G_STG1,1,14,1.0
55518_G_STG1,1,15,1.0
55518_G_STG1,1,16,1.0
55518_G_STG1,1,17,1.0
55518_G_STG1,1,18,1.0
55518_G_STG1,1,19,1.0
55518_G_STG1,1,20,1.0
55518_G_STG1,1,21,1.0
55518_G_STG1,1,22,1.0
55518_G_STG1,1,23,1.0
55518_G_STG1,1,24,1.0
55518_G_STG1,1,25,1.0
55656_G_CT01,1,1,1.0
55656_G_CT01,1,2,1.0
55656_G_CT01,1,3,1.0
55656_G_CT01,1,4,1.0
55656_G_CT01,1,5,1.0
55656_G_CT01,1,6,1.0
55656_G_CT01,1,7,1.0
55656_G_CT01,1,8,1.0
55656_G_CT01,1,9,1.0
55656_G_CT01,1,10,1.0
55656_G_CT01,1,11,1.0
55656_G_CT01,1,12,1.0
55656_G_CT01,1,13,1.0
55656_G_CT01,1,14,1.0
55656_G_CT01,1,15,1.0
55656_G_CT01,1,16,1.0
55656_G_CT01,1,17,1.0
55656_G_CT01,1,18,1.0
55656_G_CT01,1,19,1.0
55656_G_CT01,1,20,1.0
55656_G_CT01,1,21,1.0
55656_G_CT01,1,22,1.0
55656_G_CT01,1,23,1.0
55656_G_CT01,1,24,1.0
55656_G_CT01,1,25,1.0
55656_G_CT02,1,1,1.0
55656_G_CT02,1,2,1.0
55656_G_CT02,1,3,1.0
55656_G_CT02,1,4,1.0
55656_G_CT02,1,5,1.0
55656_G_CT02,1,6,1.0
55656_G_CT02,1,7,1.0
55656_G_CT02,1,8,1.0
55656_G_CT02,1,9,1.0
55656_G_CT02,1,10,1.0
55656_G_CT02,1,11,1.0
55656_G_CT02,1,12,1.0
55656_G_CT02,1,13,1.0
55656_G_CT02,1,14,1.0
55656_G_CT02,1,15,1.0
55656_G_CT02,1,16,1.0
55656_G_CT02,1,17,1.0
55656_G_CT02,1,18,1.0
55656_G_CT02,1,19,1.0
55656_G_CT02,1,20,1.0
55656_G_CT02,1,21,1.0
55656_G_CT02,1,22,1.0
55656_G_CT02,1,23,1.0
55656_G_CT02,1,24,1.0
55656_G_CT02,1,25,1.0
55656_G_CT04,1,1,1.0
55656_G_CT04,1,2,1.0
55656_G_CT04,1,3,1.0
55656_G_CT04,1,4,1.0
55656_G_CT04,1,5,1.0
55656_G_CT04,1,6,1.0
55656_G_CT04,1,7,1.0
55656_G_CT04,1,8,1.0
55656_G_CT04,1,9,1.0
55656_G_CT04,1,10,1.0
55656_G_CT04,1,11,1.0
55656_G_CT04,1,12,1.0
55656_G_CT04,1,13,1.0
55656_G_CT04,1,14,1.0
55656_G_CT04,1,15,1.0
55656_G_CT04,1,16,1.0
55656_G_CT04,1,17,1.0
55656_G_CT04,1,18,1.0
55656_G_CT04,1,19,1.0
55656_G_CT04,1,20,1.0
55656_G_CT04,1,21,1.0
55656_G_CT04,1,22,1.0
55656_G_CT04,1,23,1.0
55656_G_CT04,1,24,1.0
55656_G_CT04,1,25,1.0
55656_G_ST03,1,1,1.0
55656_G_ST03,1,2,1.0
55656_G_ST03,1,3,1.0
55656_G_ST03,1,4,1.0
55656_G_ST03,1,5,1.0
55656_G_ST03,1,6,1.0
55656_G_ST03,1,7,1.0
55656_G_ST03,1,8,1.0
55656_G_ST03,1,9,1.0
55656_G_ST03,1,10,1.0
55656_G_ST03,1,11,1.0
55656_G_ST03,1,12,1.0
55656_G_ST03,1,13,1.0
55656_G_ST03,1,14,1.0
55656_G_ST03,1,15,1.0
55656_G_ST03,1,16,1.0
55656_G_ST03,1,17,1.0
55656_G_ST03,1,18,1.0
55656_G_ST03,1,19,1.0
55656_G_ST03,1,20,1.0
55656_G_ST03,1,21,1.0
55656_G_ST03,1,22,1.0
55656_G_ST03,1,23,1.0
55656_G_ST03,1,24,1.0
55656_G_ST03,1,25,1.0
55656_G_ST05,1,1,1.0
55656_G_ST05,1,2,1.0
55656_G_ST05,1,3,1.0
55656_G_ST05,1,4,1.0
55656_G_ST05,1,5,1.0
55656_G_ST05,1,6,1.0
55656_G_ST05,1,7,1.0
55656_G_ST05,1,8,1.0
55656_G_ST05,1,9,1.0
55656_G_ST05,1,10,1.0
55656_G_ST05,1,11,1.0
55656_G_ST05,1,12,1.0
55656_G_ST05,1,13,1.0
55656_G_ST05,1,14,1.0
55656_G_ST05,1,15,1.0
55656_G_ST05,1,16,1.0
55656_G_ST05,1,17,1.0
55656_G_ST05,1,18,1.0
55656_G_ST05,1,19,1.0
55656_G_ST05,1,20,1.0
55656_G_ST05,1,21,1.0
55656_G_ST05,1,22,1.0
55656_G_ST05,1,23,1.0
55656_G_ST05,1,24,1.0
55656_G_ST05,1,25,1.0
55748_G_CAG5,1,1,1.0
55748_G_CAG5,1,2,1.0
55748_G_CAG5,1,3,1.0
55748_G_CAG5,1,4,1.0
55748_G_CAG5,1,5,1.0
55748_G_CAG5,1,6,1.0
55748_G_CAG5,1,7,1.0
55748_G_CAG5,1,8,1.0
55748_G_CAG5,1,9,1.0
55748_G_CAG5,1,10,1.0
55748_G_CAG5,1,11,1.0
55748_G_CAG5,1,12,1.0
55748_G_CAG5,1,13,1.0
55748_G_CAG5,1,14,1.0
55748_G_CAG5,1,15,1.0
55748_G_CAG5,1,16,1.0
55748_G_CAG5,1,17,1.0
55748_G_CAG5,1,18,1.0
55748_G_CAG5,1,19,1.0
55748_G_CAG5,1,20,1.0
55748_G_CAG5,1,21,1.0
55748_G_CAG5,1,22,1.0
55748_G_CAG5,1,23,1.0
55748_G_CAG5,1,24,1.0
55748_G_CAG5,1,25,1.0
55748_G_CTG1,1,1,1.0
55748_G_CTG1,1,2,1.0
55748_G_CTG1,1,3,1.0
55748_G_CTG1,1,4,1.0
55748_G_CTG1,1,5,1.0
55748_G_CTG1,1,6,1.0
55748_G_CTG1,1,7,1.0
55748_G_CTG1,1,8,1.0
55748_G_CTG1,1,9,1.0
55748_G_CTG1,1,10,1.0
55748_G_CTG1,1,11,1.0
55748_G_CTG1,1,12,1.0
55748_G_CTG1,1,13,1.0
55748_G_CTG1,1,14,1.0
55748_G_CTG1,1,15,1.0
55748_G_CTG1,1,16,1.0
55748_G_CTG1,1,17,1.0
55748_G_CTG1,1,18,1.0
55748_G_CTG1,1,19,1.0
55748_G_CTG1,1,20,1.0
55748_G_CTG1,1,21,1.0
55748_G_CTG1,1,22,1.0
55748_G_CTG1,1,23,1.0
55748_G_CTG1,1,24,1.0
55748_G_CTG1,1,25,1.0
55748_G_CTG2,1,1,1.0
55748_G_CTG2,1,2,1.0
55748_G_CTG2,1,3,1.0
55748_G_CTG2,1,4,1.0
55748_G_CTG2,1,5,1.0
55748_G_CTG2,1,6,1.0
55748_G_CTG2,1,7,1.0
55748_G_CTG2,1,8,1.0
55748_G_CTG2,1,9,1.0
55748_G_CTG2,1,10,1.0
55748_G_CTG2,1,11,1.0
55748_G_CTG2,1,12,1.0
55748_G_CTG2,1,13,1.0
55748_G_CTG2,1,14,1.0
55748_G_CTG2,1,15,1.0
55748_G_CTG2,1,16,1.0
55748_G_CTG2,1,17,1.0
55748_G_CTG2,1,18,1.0
55748_G_CTG2,1,19,1.0
55748_G_CTG2,1,20,1.0
55748_G_CTG2,1,21,1.0
55748_G_CTG2,1,22,1.0
55748_G_CTG2,1,23,1.0
55748_G_CTG2,1,24,1.0
55748_G_CTG2,1,25,1.0
55748_G_CTG3,1,1,1.0
55748_G_CTG3,1,2,1.0
55748_G_CTG3,1,3,1.0
55748_G_CTG3,1,4,1.0
55748_G_CTG3,1,5,1.0
55748_G_CTG3,1,6,1.0
55748_G_CTG3,1,7,1.0
55748_G_CTG3,1,8,1.0
55748_G_CTG3,1,9,1.0
55748_G_CTG3,1,10,1.0
55748_G_CTG3,1,11,1.0
55748_G_CTG3,1,12,1.0
55748_G_CTG3,1,13,1.0
55748_G_CTG3,1,14,1.0
55748_G_CTG3,1,15,1.0
55748_G_CTG3,1,16,1.0
55748_G_CTG3,1,17,1.0
55748_G_CTG3,1,18,1.0
55748_G_CTG3,1,19,1.0
55748_G_CTG3,1,20,1.0
55748_G_CTG3,1,21,1.0
55748_G_CTG3,1,22,1.0
55748_G_CTG3,1,23,1.0
55748_G_CTG3,1,24,1.0
55748_G_CTG3,1,25,1.0
55748_G_CTG4,1,1,1.0
55748_G_CTG4,1,2,1.0
55748_G_CTG4,1,3,1.0
55748_G_CTG4,1,4,1.0
55748_G_CTG4,1,5,1.0
55748_G_CTG4,1,6,1.0
55748_G_CTG4,1,7,1.0
55748_G_CTG4,1,8,1.0
55748_G_CTG4,1,9,1.0
55748_G_CTG4,1,10,1.0
55748_G_CTG4,1,11,1.0
55748_G_CTG4,1,12,1.0
55748_G_CTG4,1,13,1.0
55748_G_CTG4,1,14,1.0
55748_G_CTG4,1,15,1.0
55748_G_CTG4,1,16,1.0
55748_G_CTG4,1,17,1.0
55748_G_CTG4,1,18,1.0
55748_G_CTG4,1,19,1.0
55748_G_CTG4,1,20,1.0
55748_G_CTG4,1,21,1.0
55748_G_CTG4,1,22,1.0
55748_G_CTG4,1,23,1.0
55748_G_CTG4,1,24,1.0
55748_G_CTG4,1,25,1.0
55933_G_TCC1,1,1,1.0
55933_G_TCC1,1,2,1.0
55933_G_TCC1,1,3,1.0
55933_G_TCC1,1,4,1.0
55933_G_TCC1,1,5,1.0
55933_G_TCC1,1,6,1.0
55933_G_TCC1,1,7,1.0
55933_G_TCC1,1,8,1.0
55933_G_TCC1,1,9,1.0
55933_G_TCC1,1,10,1.0
55933_G_TCC1,1,11,1.0
55933_G_TCC1,1,12,1.0
55933_G_TCC1,1,13,1.0
55933_G_TCC1,1,14,1.0
55933_G_TCC1,1,15,1.0
55933_G_TCC1,1,16,1.0
55933_G_TCC1,1,17,1.0
55933_G_TCC1,1,18,1.0
55933_G_TCC1,1,19,1.0
55933_G_TCC1,1,20,1.0
55933_G_TCC1,1,21,1.0
55933_G_TCC1,1,22,1.0
55933_G_TCC1,1,23,1.0
55933_G_TCC1,1,24,1.0
55933_G_TCC1,1,25,1.0
55933_G_TPP1,1,1,1.0
55933_G_TPP1,1,2,1.0
55933_G_TPP1,1,3,1.0
55933_G_TPP1,1,4,1.0
55933_G_TPP1,1,5,1.0
55933_G_TPP1,1,6,1.0
55933_G_TPP1,1,7,1.0
55933_G_TPP1,1,8,1.0
55933_G_TPP1,1,9,1.0
55933_G_TPP1,1,10,1.0
55933_G_TPP1,1,11,1.0
55933_G_TPP1,1,12,1.0
55933_G_TPP1,1,13,1.0
55933_G_TPP1,1,14,1.0
55933_G_TPP1,1,15,1.0
55933_G_TPP1,1,16,1.0
55933_G_TPP1,1,17,1.0
55933_G_TPP1,1,18,1.0
55933_G_TPP1,1,19,1.0
55933_G_TPP1,1,20,1.0
55933_G_TPP1,1,21,1.0
55933_G_TPP1,1,22,1.0
55933_G_TPP1,1,23,1.0
55933_G_TPP1,1,24,1.0
55933_G_TPP1,1,25,1.0
55933_G_TPP2,1,1,1.0
55933_G_TPP2,1,2,1.0
55933_G_TPP2,1,3,1.0
55933_G_TPP2,1,4,1.0
55933_G_TPP2,1,5,1.0
55933_G_TPP2,1,6,1.0
55933_G_TPP2,1,7,1.0
55933_G_TPP2,1,8,1.0
55933_G_TPP2,1,9,1.0
55933_G_TPP2,1,10,1.0
55933_G_TPP2,1,11,1.0
55933_G_TPP2,1,12,1.0
55933_G_TPP2,1,13,1.0
55933_G_TPP2,1,14,1.0
55933_G_TPP2,1,15,1.0
55933_G_TPP2,1,16,1.0
55933_G_TPP2,1,17,1.0
55933_G_TPP2,1,18,1.0
55933_G_TPP2,1,19,1.0
55933_G_TPP2,1,20,1.0
55933_G_TPP2,1,21,1.0
55933_G_TPP2,1,22,1.0
55933_G_TPP2,1,23,1.0
55933_G_TPP2,1,24,1.0
55933_G_TPP2,1,25,1.0
55970_G_1,1,1,1.0
55970_G_1,1,2,1.0
55970_G_1,1,3,1.0
55970_G_1,1,4,1.0
55970_G_1,1,5,1.0
55970_G_1,1,6,1.0
55970_G_1,1,7,1.0
55970_G_1,1,8,1.0
55970_G_1,1,9,1.0
55970_G_1,1,10,1.0
55970_G_1,1,11,1.0
55970_G_1,1,12,1.0
55970_G_1,1,13,1.0
55970_G_1,1,14,1.0
55970_G_1,1,15,1.0
55970_G_1,1,16,1.0
55970_G_1,1,17,1.0
55970_G_1,1,18,1.0
55970_G_1,1,19,1.0
55970_G_1,1,20,1.0
55970_G_1,1,21,1.0
55970_G_1,1,22,1.0
55970_G_1,1,23,1.0
55970_G_1,1,24,1.0
55970_G_1,1,25,1.0
55970_G_2,1,1,1.0
55970_G_2,1,2,1.0
55970_G_2,1,3,1.0
55970_G_2,1,4,1.0
55970_G_2,1,5,1.0
55970_G_2,1,6,1.0
55970_G_2,1,7,1.0
55970_G_2,1,8,1.0
55970_G_2,1,9,1.0
55970_G_2,1,10,1.0
55970_G_2,1,11,1.0
55970_G_2,1,12,1.0
55970_G_2,1,13,1.0
55970_G_2,1,14,1.0
55970_G_2,1,15,1.0
55970_G_2,1,16,1.0
55970_G_2,1,17,1.0
55970_G_2,1,18,1.0
55970_G_2,1,19,1.0
55970_G_2,1,20,1.0
55970_G_2,1,21,1.0
55970_G_2,1,22,1.0
55970_G_2,1,23,1.0
55970_G_2,1,24,1.0
55970_G_2,1,25,1.0
55970_G_3,1,1,1.0
55970_G_3,1,2,1.0
55970_G_3,1,3,1.0
55970_G_3,1,4,1.0
55970_G_3,1,5,1.0
55970_G_3,1,6,1.0
55970_G_3,1,7,1.0
55970_G_3,1,8,1.0
55970_G_3,1,9,1.0
55970_G_3,1,10,1.0
55970_G_3,1,11,1.0
55970_G_3,1,12,1.0
55970_G_3,1,13,1.0
55970_G_3,1,14,1.0
55970_G_3,1,15,1.0
55970_G_3,1,16,1.0
55970_G_3,1,17,1.0
55970_G_3,1,18,1.0
55970_G_3,1,19,1.0
55970_G_3,1,20,1.0
55970_G_3,1,21,1.0
55970_G_3,1,22,1.0
55970_G_3,1,23,1.0
55970_G_3,1,24,1.0
55970_G_3,1,25,1.0
55983_G_TG51,1,1,1.0
55983_G_TG51,1,2,1.0
55983_G_TG51,1,3,1.0
55983_G_TG51,1,4,1.0
55983_G_TG51,1,5,1.0
55983_G_TG51,1,6,1.0
55983_G_TG51,1,7,1.0
55983_G_TG51,1,8,1.0
55983_G_TG51,1,9,1.0
55983_G_TG51,1,10,1.0
55983_G_TG51,1,11,1.0
55983_G_TG51,1,12,1.0
55983_G_TG51,1,13,1.0
55983_G_TG51,1,14,1.0
55983_G_TG51,1,15,1.0
55983_G_TG51,1,16,1.0
55983_G_TG51,1,17,1.0
55983_G_TG51,1,18,1.0
55983_G_TG51,1,19,1.0
55983_G_TG51,1,20,1.0
55983_G_TG51,1,21,1.0
55983_G_TG51,1,22,1.0
55983_G_TG51,1,23,1.0
55983_G_TG51,1,24,1.0
55983_G_TG51,1,25,1.0
55984_G_TG21,1,1,1.0
55984_G_TG21,1,2,1.0
55984_G_TG21,1,3,1.0
55984_G_TG21,1,4,1.0
55984_G_TG21,1,5,1.0
55984_G_TG21,1,6,1.0
55984_G_TG21,1,7,1.0
55984_G_TG21,1,8,1.0
55984_G_TG21,1,9,1.0
55984_G_TG21,1,10,1.0
55984_G_TG21,1,11,1.0
55984_G_TG21,1,12,1.0
55984_G_TG21,1,13,1.0
55984_G_TG21,1,14,1.0
55984_G_TG21,1,15,1.0
55984_G_TG21,1,16,1.0
55984_G_TG21,1,17,1.0
55984_G_TG21,1,18,1.0
55984_G_TG21,1,19,1.0
55984_G_TG21,1,20,1.0
55984_G_TG21,1,21,1.0
55984_G_TG21,1,22,1.0
55984_G_TG21,1,23,1.0
55984_G_TG21,1,24,1.0
55984_G_TG21,1,25,1.0
55985_G_CTG1,1,1,1.0
55985_G_CTG1,1,2,1.0
55985_G_CTG1,1,3,1.0
55985_G_CTG1,1,4,1.0
55985_G_CTG1,1,5,1.0
55985_G_CTG1,1,6,1.0
55985_G_CTG1,1,7,1.0
55985_G_CTG1,1,8,1.0
55985_G_CTG1,1,9,1.0
55985_G_CTG1,1,10,1.0
55985_G_CTG1,1,11,1.0
55985_G_CTG1,1,12,1.0
55985_G_CTG1,1,13,1.0
55985_G_CTG1,1,14,1.0
55985_G_CTG1,1,15,1.0
55985_G_CTG1,1,16,1.0
55985_G_CTG1,1,17,1.0
55985_G_CTG1,1,18,1.0
55985_G_CTG1,1,19,1.0
55985_G_CTG1,1,20,1.0
55985_G_CTG1,1,21,1.0
55985_G_CTG1,1,22,1.0
55985_G_CTG1,1,23,1.0
55985_G_CTG1,1,24,1.0
55985_G_CTG1,1,25,1.0
55985_G_CTG2,1,1,1.0
55985_G_CTG2,1,2,1.0
55985_G_CTG2,1,3,1.0
55985_G_CTG2,1,4,1.0
55985_G_CTG2,1,5,1.0
55985_G_CTG2,1,6,1.0
55985_G_CTG2,1,7,1.0
55985_G_CTG2,1,8,1.0
55985_G_CTG2,1,9,1.0
55985_G_CTG2,1,10,1.0
55985_G_CTG2,1,11,1.0
55985_G_CTG2,1,12,1.0
55985_G_CTG2,1,13,1.0
55985_G_CTG2,1,14,1.0
55985_G_CTG2,1,15,1.0
55985_G_CTG2,1,16,1.0
55985_G_CTG2,1,17,1.0
55985_G_CTG2,1,18,1.0
55985_G_CTG2,1,19,1.0
55985_G_CTG2,1,20,1.0
55985_G_CTG2,1,21,1.0
55985_G_CTG2,1,22,1.0
55985_G_CTG2,1,23,1.0
55985_G_CTG2,1,24,1.0
55985_G_CTG2,1,25,1.0
55985_G_STG,1,1,1.0
55985_G_STG,1,2,1.0
55985_G_STG,1,3,1.0
55985_G_STG,1,4,1.0
55985_G_STG,1,5,1.0
55985_G_STG,1,6,1.0
55985_G_STG,1,7,1.0
55985_G_STG,1,8,1.0
55985_G_STG,1,9,1.0
55985_G_STG,1,10,1.0
55985_G_STG,1,11,1.0
55985_G_STG,1,12,1.0
55985_G_STG,1,13,1.0
55985_G_STG,1,14,1.0
55985_G_STG,1,15,1.0
55985_G_STG,1,16,1.0
55985_G_STG,1,17,1.0
55985_G_STG,1,18,1.0
55985_G_STG,1,19,1.0
55985_G_STG,1,20,1.0
55985_G_STG,1,21,1.0
55985_G_STG,1,22,1.0
55985_G_STG,1,23,1.0
55985_G_STG,1,24,1.0
55985_G_STG,1,25,1.0
56026_G_CTG1,1,1,1.0
56026_G_CTG1,1,2,1.0
56026_G_CTG1,1,3,1.0
56026_G_CTG1,1,4,1.0
56026_G_CTG1,1,5,1.0
56026_G_CTG1,1,6,1.0
56026_G_CTG1,1,7,1.0
56026_G_CTG1,1,8,1.0
56026_G_CTG1,1,9,1.0
56026_G_CTG1,1,10,1.0
56026_G_CTG1,1,11,1.0
56026_G_CTG1,1,12,1.0
56026_G_CTG1,1,13,1.0
56026_G_CTG1,1,14,1.0
56026_G_CTG1,1,15,1.0
56026_G_CTG1,1,16,1.0
56026_G_CTG1,1,17,1.0
56026_G_CTG1,1,18,1.0
56026_G_CTG1,1,19,1.0
56026_G_CTG1,1,20,1.0
56026_G_CTG1,1,21,1.0
56026_G_CTG1,1,22,1.0
56026_G_CTG1,1,23,1.0
56026_G_CTG1,1,24,1.0
56026_G_CTG1,1,25,-0.0
56026_G_CTG2,1,1,1.0
56026_G_CTG2,1,2,1.0
56026_G_CTG2,1,3,1.0
56026_G_CTG2,1,4,1.0
56026_G_CTG2,1,5,1.0
56026_G_CTG2,1,6,1.0
56026_G_CTG2,1,7,1.0
56026_G_CTG2,1,8,1.0
56026_G_CTG2,1,9,1.0
56026_G_CTG2,1,10,1.0
56026_G_CTG2,1,11,1.0
56026_G_CTG2,1,12,1.0
56026_G_CTG2,1,13,1.0
56026_G_CTG2,1,14,1.0
56026_G_CTG2,1,15,1.0
56026_G_CTG2,1,16,1.0
56026_G_CTG2,1,17,1.0
56026_G_CTG2,1,18,1.0
56026_G_CTG2,1,19,1.0
56026_G_CTG2,1,20,1.0
56026_G_CTG2,1,21,1.0
56026_G_CTG2,1,22,1.0
56026_G_CTG2,1,23,1.0
56026_G_CTG2,1,24,1.0
56026_G_CTG2,1,25,-0.0
56026_G_STG,1,1,1.0
56026_G_STG,1,2,1.0
56026_G_STG,1,3,1.0
56026_G_STG,1,4,1.0
56026_G_STG,1,5,1.0
56026_G_STG,1,6,1.0
56026_G_STG,1,7,1.0
56026_G_STG,1,8,1.0
56026_G_STG,1,9,1.0
56026_G_STG,1,10,1.0
56026_G_STG,1,11,1.0
56026_G_STG,1,12,1.0
56026_G_STG,1,13,1.0
56026_G_STG,1,14,1.0
56026_G_STG,1,15,1.0
56026_G_STG,1,16,1.0
56026_G_STG,1,17,1.0
56026_G_STG,1,18,1.0
56026_G_STG,1,19,1.0
56026_G_STG,1,20,1.0
56026_G_STG,1,21,1.0
56026_G_STG,1,22,1.0
56026_G_STG,1,23,1.0
56026_G_STG,1,24,1.0
56026_G_STG,1,25,-0.0
56041_G_M1,1,1,1.0
56041_G_M1,1,2,1.0
56041_G_M1,1,3,1.0
56041_G_M1,1,4,1.0
56041_G_M1,1,5,1.0
56041_G_M1,1,6,1.0
56041_G_M1,1,7,1.0
56041_G_M1,1,8,1.0
56041_G_M1,1,9,1.0
56041_G_M1,1,10,1.0
56041_G_M1,1,11,1.0
56041_G_M1,1,12,1.0
56041_G_M1,1,13,1.0
56041_G_M1,1,14,1.0
56041_G_M1,1,15,1.0
56041_G_M1,1,16,1.0
56041_G_M1,1,17,1.0
56041_G_M1,1,18,1.0
56041_G_M1,1,19,1.0
56041_G_M1,1,20,1.0
56041_G_M1,1,21,1.0
56041_G_M1,1,22,1.0
56041_G_M1,1,23,1.0
56041_G_M1,1,24,1.0
56041_G_M1,1,25,1.0
56041_G_M2,1,1,1.0
56041_G_M2,1,2,1.0
56041_G_M2,1,3,1.0
56041_G_M2,1,4,1.0
56041_G_M2,1,5,1.0
56041_G_M2,1,6,1.0
56041_G_M2,1,7,1.0
56041_G_M2,1,8,1.0
56041_G_M2,1,9,1.0
56041_G_M2,1,10,1.0
56041_G_M2,1,11,1.0
56041_G_M2,1,12,1.0
56041_G_M2,1,13,1.0
56041_G_M2,1,14,1.0
56041_G_M2,1,15,1.0
56041_G_M2,1,16,1.0
56041_G_M2,1,17,1.0
56041_G_M2,1,18,1.0
56041_G_M2,1,19,1.0
56041_G_M2,1,20,1.0
56041_G_M2,1,21,1.0
56041_G_M2,1,22,1.0
56041_G_M2,1,23,1.0
56041_G_M2,1,24,1.0
56041_G_M2,1,25,1.0
56041_G_M3,1,1,1.0
56041_G_M3,1,2,1.0
56041_G_M3,1,3,1.0
56041_G_M3,1,4,1.0
56041_G_M3,1,5,1.0
56041_G_M3,1,6,1.0
56041_G_M3,1,7,1.0
56041_G_M3,1,8,1.0
56041_G_M3,1,9,1.0
56041_G_M3,1,10,1.0
56041_G_M3,1,11,1.0
56041_G_M3,1,12,1.0
56041_G_M3,1,13,1.0
56041_G_M3,1,14,1.0
56041_G_M3,1,15,1.0
56041_G_M3,1,16,1.0
56041_G_M3,1,17,1.0
56041_G_M3,1,18,1.0
56041_G_M3,1,19,1.0
56041_G_M3,1,20,1.0
56041_G_M3,1,21,1.0
56041_G_M3,1,22,1.0
56041_G_M3,1,23,1.0
56041_G_M3,1,24,1.0
56041_G_M3,1,25,1.0
56046_G_1,1,1,1.0
56046_G_1,1,2,1.0
56046_G_1,1,3,1.0
56046_G_1,1,4,1.0
56046_G_1,1,5,1.0
56046_G_1,1,6,1.0
56046_G_1,1,7,1.0
56046_G_1,1,8,1.0
56046_G_1,1,9,1.0
56046_G_1,1,10,1.0
56046_G_1,1,11,1.0
56046_G_1,1,12,1.0
56046_G_1,1,13,1.0
56046_G_1,1,14,1.0
56046_G_1,1,15,1.0
56046_G_1,1,16,1.0
56046_G_1,1,17,1.0
56046_G_1,1,18,1.0
56046_G_1,1,19,1.0
56046_G_1,1,20,1.0
56046_G_1,1,21,1.0
56046_G_1,1,22,1.0
56046_G_1,1,23,1.0
56046_G_1,1,24,1.0
56046_G_1,1,25,1.0
56046_G_2,1,1,1.0
56046_G_2,1,2,1.0
56046_G_2,1,3,1.0
56046_G_2,1,4,1.0
56046_G_2,1,5,1.0
56046_G_2,1,6,1.0
56046_G_2,1,7,1.0
56046_G_2,1,8,1.0
56046_G_2,1,9,1.0
56046_G_2,1,10,1.0
56046_G_2,1,11,1.0
56046_G_2,1,12,1.0
56046_G_2,1,13,1.0
56046_G_2,1,14,1.0
56046_G_2,1,15,1.0
56046_G_2,1,16,1.0
56046_G_2,1,17,1.0
56046_G_2,1,18,1.0
56046_G_2,1,19,1.0
56046_G_2,1,20,1.0
56046_G_2,1,21,1.0
56046_G_2,1,22,1.0
56046_G_2,1,23,1.0
56046_G_2,1,24,1.0
56046_G_2,1,25,1.0
56078_G_1,1,1,1.0
56078_G_1,1,2,1.0
56078_G_1,1,3,1.0
56078_G_1,1,4,1.0
56078_G_1,1,5,1.0
56078_G_1,1,6,1.0
56078_G_1,1,7,1.0
56078_G_1,1,8,1.0
56078_G_1,1,9,1.0
56078_G_1,1,10,1.0
56078_G_1,1,11,1.0
56078_G_1,1,12,1.0
56078_G_1,1,13,1.0
56078_G_1,1,14,1.0
56078_G_1,1,15,1.0
56078_G_1,1,16,1.0
56078_G_1,1,17,1.0
56078_G_1,1,18,1.0
56078_G_1,1,19,1.0
56078_G_1,1,20,1.0
56078_G_1,1,21,1.0
56078_G_1,1,22,1.0
56078_G_1,1,23,1.0
56078_G_1,1,24,1.0
56078_G_1,1,25,1.0
56078_G_2,1,1,1.0
56078_G_2,1,2,1.0
56078_G_2,1,3,1.0
56078_G_2,1,4,1.0
56078_G_2,1,5,1.0
56078_G_2,1,6,1.0
56078_G_2,1,7,1.0
56078_G_2,1,8,1.0
56078_G_2,1,9,1.0
56078_G_2,1,10,1.0
56078_G_2,1,11,1.0
56078_G_2,1,12,1.0
56078_G_2,1,13,1.0
56078_G_2,1,14,1.0
56078_G_2,1,15,1.0
56078_G_2,1,16,1.0
56078_G_2,1,17,1.0
56078_G_2,1,18,1.0
56078_G_2,1,19,1.0
56078_G_2,1,20,1.0
56078_G_2,1,21,1.0
56078_G_2,1,22,1.0
56078_G_2,1,23,1.0
56078_G_2,1,24,1.0
56078_G_2,1,25,1.0
56078_G_3,1,1,1.0
56078_G_3,1,2,1.0
56078_G_3,1,3,1.0
56078_G_3,1,4,1.0
56078_G_3,1,5,1.0
56078_G_3,1,6,1.0
56078_G_3,1,7,1.0
56078_G_3,1,8,1.0
56078_G_3,1,9,1.0
56078_G_3,1,10,1.0
56078_G_3,1,11,1.0
56078_G_3,1,12,1.0
56078_G_3,1,13,1.0
56078_G_3,1,14,1.0
56078_G_3,1,15,1.0
56078_G_3,1,16,1.0
56078_G_3,1,17,1.0
56078_G_3,1,18,1.0
56078_G_3,1,19,1.0
56078_G_3,1,20,1.0
56078_G_3,1,21,1.0
56078_G_3,1,22,1.0
56078_G_3,1,23,1.0
56078_G_3,1,24,1.0
56078_G_3,1,25,1.0
56090_G_D190,1,1,1.0
56090_G_D190,1,2,1.0
56090_G_D190,1,3,1.0
56090_G_D190,1,4,1.0
56090_G_D190,1,5,1.0
56090_G_D190,1,6,1.0
56090_G_D190,1,7,1.0
56090_G_D190,1,8,1.0
56090_G_D190,1,9,1.0
56090_G_D190,1,10,1.0
56090_G_D190,1,11,1.0
56090_G_D190,1,12,1.0
56090_G_D190,1,13,1.0
56090_G_D190,1,14,1.0
56090_G_D190,1,15,1.0
56090_G_D190,1,16,1.0
56090_G_D190,1,17,1.0
56090_G_D190,1,18,1.0
56090_G_D190,1,19,1.0
56090_G_D190,1,20,1.0
56090_G_D190,1,21,1.0
56090_G_D190,1,22,1.0
56090_G_D190,1,23,1.0
56090_G_D190,1,24,1.0
56090_G_D190,1,25,1.0
56298_G_0001,1,1,1.0
56298_G_0001,1,2,1.0
56298_G_0001,1,3,1.0
56298_G_0001,1,4,1.0
56298_G_0001,1,5,1.0
56298_G_0001,1,6,1.0
56298_G_0001,1,7,1.0
56298_G_0001,1,8,1.0
56298_G_0001,1,9,1.0
56298_G_0001,1,10,1.0
56298_G_0001,1,11,1.0
56298_G_0001,1,12,1.0
56298_G_0001,1,13,1.0
56298_G_0001,1,14,1.0
56298_G_0001,1,15,1.0
56298_G_0001,1,16,1.0
56298_G_0001,1,17,1.0
56298_G_0001,1,18,1.0
56298_G_0001,1,19,1.0
56298_G_0001,1,20,1.0
56298_G_0001,1,21,1.0
56298_G_0001,1,22,1.0
56298_G_0001,1,23,1.0
56298_G_0001,1,24,1.0
56298_G_0001,1,25,1.0
56298_G_0002,1,1,1.0
56298_G_0002,1,2,1.0
56298_G_0002,1,3,1.0
56298_G_0002,1,4,1.0
56298_G_0002,1,5,1.0
56298_G_0002,1,6,1.0
56298_G_0002,1,7,1.0
56298_G_0002,1,8,1.0
56298_G_0002,1,9,1.0
56298_G_0002,1,10,1.0
56298_G_0002,1,11,1.0
56298_G_0002,1,12,1.0
56298_G_0002,1,13,1.0
56298_G_0002,1,14,1.0
56298_G_0002,1,15,1.0
56298_G_0002,1,16,1.0
56298_G_0002,1,17,1.0
56298_G_0002,1,18,1.0
56298_G_0002,1,19,1.0
56298_G_0002,1,20,1.0
56298_G_0002,1,21,1.0
56298_G_0002,1,22,1.0
56298_G_0002,1,23,1.0
56298_G_0002,1,24,1.0
56298_G_0002,1,25,1.0
56298_G_0003,1,1,1.0
56298_G_0003,1,2,1.0
56298_G_0003,1,3,1.0
56298_G_0003,1,4,1.0
56298_G_0003,1,5,1.0
56298_G_0003,1,6,1.0
56298_G_0003,1,7,1.0
56298_G_0003,1,8,1.0
56298_G_0003,1,9,1.0
56298_G_0003,1,10,1.0
56298_G_0003,1,11,1.0
56298_G_0003,1,12,1.0
56298_G_0003,1,13,1.0
56298_G_0003,1,14,1.0
56298_G_0003,1,15,1.0
56298_G_0003,1,16,1.0
56298_G_0003,1,17,1.0
56298_G_0003,1,18,1.0
56298_G_0003,1,19,1.0
56298_G_0003,1,20,1.0
56298_G_0003,1,21,1.0
56298_G_0003,1,22,1.0
56298_G_0003,1,23,1.0
56298_G_0003,1,24,1.0
56298_G_0003,1,25,1.0
56356_G_CT1,1,1,1.0
56356_G_CT1,1,2,1.0
56356_G_CT1,1,3,1.0
56356_G_CT1,1,4,1.0
56356_G_CT1,1,5,1.0
56356_G_CT1,1,6,1.0
56356_G_CT1,1,7,1.0
56356_G_CT1,1,8,1.0
56356_G_CT1,1,9,1.0
56356_G_CT1,1,10,1.0
56356_G_CT1,1,11,1.0
56356_G_CT1,1,12,1.0
56356_G_CT1,1,13,1.0
56356_G_CT1,1,14,1.0
56356_G_CT1,1,15,1.0
56356_G_CT1,1,16,1.0
56356_G_CT1,1,17,1.0
56356_G_CT1,1,18,1.0
56356_G_CT1,1,19,1.0
56356_G_CT1,1,20,1.0
56356_G_CT1,1,21,1.0
56356_G_CT1,1,22,1.0
56356_G_CT1,1,23,1.0
56356_G_CT1,1,24,1.0
56356_G_CT1,1,25,-0.0
56356_G_ST1,1,1,1.0
56356_G_ST1,1,2,1.0
56356_G_ST1,1,3,1.0
56356_G_ST1,1,4,1.0
56356_G_ST1,1,5,1.0
56356_G_ST1,1,6,1.0
56356_G_ST1,1,7,1.0
56356_G_ST1,1,8,1.0
56356_G_ST1,1,9,1.0
56356_G_ST1,1,10,1.0
56356_G_ST1,1,11,1.0
56356_G_ST1,1,12,1.0
56356_G_ST1,1,13,1.0
56356_G_ST1,1,14,1.0
56356_G_ST1,1,15,1.0
56356_G_ST1,1,16,1.0
56356_G_ST1,1,17,1.0
56356_G_ST1,1,18,1.0
56356_G_ST1,1,19,1.0
56356_G_ST1,1,20,1.0
56356_G_ST1,1,21,1.0
56356_G_ST1,1,22,1.0
56356_G_ST1,1,23,1.0
56356_G_ST1,1,24,-0.0
56356_G_ST1,1,25,-0.0
56467_G_CTG1,1,1,1.0
56467_G_CTG1,1,2,1.0
56467_G_CTG1,1,3,1.0
56467_G_CTG1,1,4,1.0
56467_G_CTG1,1,5,1.0
56467_G_CTG1,1,6,1.0
56467_G_CTG1,1,7,1.0
56467_G_CTG1,1,8,1.0
56467_G_CTG1,1,9,1.0
56467_G_CTG1,1,10,1.0
56467_G_CTG1,1,11,1.0
56467_G_CTG1,1,12,1.0
56467_G_CTG1,1,13,1.0
56467_G_CTG1,1,14,1.0
56467_G_CTG1,1,15,1.0
56467_G_CTG1,1,16,1.0
56467_G_CTG1,1,17,1.0
56467_G_CTG1,1,18,1.0
56467_G_CTG1,1,19,1.0
56467_G_CTG1,1,20,1.0
56467_G_CTG1,1,21,1.0
56467_G_CTG1,1,22,1.0
56467_G_CTG1,1,23,1.0
56467_G_CTG1,1,24,1.0
56467_G_CTG1,1,25,1.0
56467_G_CTG2,1,1,1.0
56467_G_CTG2,1,2,1.0
56467_G_CTG2,1,3,1.0
56467_G_CTG2,1,4,1.0
56467_G_CTG2,1,5,1.0
56467_G_CTG2,1,6,1.0
56467_G_CTG2,1,7,1.0
56467_G_CTG2,1,8,1.0
56467_G_CTG2,1,9,1.0
56467_G_CTG2,1,10,1.0
56467_G_CTG2,1,11,1.0
56467_G_CTG2,1,12,1.0
56467_G_CTG2,1,13,1.0
56467_G_CTG2,1,14,1.0
56467_G_CTG2,1,15,1.0
56467_G_CTG2,1,16,1.0
56467_G_CTG2,1,17,1.0
56467_G_CTG2,1,18,1.0
56467_G_CTG2,1,19,1.0
56467_G_CTG2,1,20,1.0
56467_G_CTG2,1,21,1.0
56467_G_CTG2,1,22,1.0
56467_G_CTG2,1,23,1.0
56467_G_CTG2,1,24,1.0
56467_G_CTG2,1,25,1.0
56467_G_STG1,1,1,1.0
56467_G_STG1,1,2,1.0
56467_G_STG1,1,3,1.0
56467_G_STG1,1,4,1.0
56467_G_STG1,1,5,1.0
56467_G_STG1,1,6,1.0
56467_G_STG1,1,7,1.0
56467_G_STG1,1,8,1.0
56467_G_STG1,1,9,1.0
56467_G_STG1,1,10,1.0
56467_G_STG1,1,11,1.0
56467_G_STG1,1,12,1.0
56467_G_STG1,1,13,1.0
56467_G_STG1,1,14,1.0
56467_G_STG1,1,15,1.0
56467_G_STG1,1,16,1.0
56467_G_STG1,1,17,1.0
56467_G_STG1,1,18,1.0
56467_G_STG1,1,19,1.0
56467_G_STG1,1,20,1.0
56467_G_STG1,1,21,1.0
56467_G_STG1,1,22,1.0
56467_G_STG1,1,23,1.0
56467_G_STG1,1,24,1.0
56467_G_STG1,1,25,1.0
56476_G_A,1,1,1.0
56476_G_A,1,2,1.0
56476_G_A,1,3,1.0
56476_G_A,1,4,1.0
56476_G_A,1,5,1.0
56476_G_A,1,6,1.0
56476_G_A,1,7,1.0
56476_G_A,1,8,1.0
56476_G_A,1,9,1.0
56476_G_A,1,10,1.0
56476_G_A,1,11,1.0
56476_G_A,1,12,1.0
56476_G_A,1,13,1.0
56476_G_A,1,14,1.0
56476_G_A,1,15,1.0
56476_G_A,1,16,1.0
56476_G_A,1,17,1.0
56476_G_A,1,18,1.0
56476_G_A,1,19,1.0
56476_G_A,1,20,1.0
56476_G_A,1,21,1.0
56476_G_A,1,22,1.0
56476_G_A,1,23,1.0
56476_G_A,1,24,1.0
56476_G_A,1,25,1.0
56476_G_B,1,1,1.0
56476_G_B,1,2,1.0
56476_G_B,1,3,1.0
56476_G_B,1,4,1.0
56476_G_B,1,5,1.0
56476_G_B,1,6,1.0
56476_G_B,1,7,1.0
56476_G_B,1,8,1.0
56476_G_B,1,9,1.0
56476_G_B,1,10,1.0
56476_G_B,1,11,1.0
56476_G_B,1,12,1.0
56476_G_B,1,13,1.0
56476_G_B,1,14,1.0
56476_G_B,1,15,1.0
56476_G_B,1,16,1.0
56476_G_B,1,17,1.0
56476_G_B,1,18,1.0
56476_G_B,1,19,1.0
56476_G_B,1,20,1.0
56476_G_B,1,21,1.0
56476_G_B,1,22,1.0
56476_G_B,1,23,1.0
56476_G_B,1,24,1.0
56476_G_B,1,25,1.0
56476_G_C,1,1,1.0
56476_G_C,1,2,1.0
56476_G_C,1,3,1.0
56476_G_C,1,4,1.0
56476_G_C,1,5,1.0
56476_G_C,1,6,1.0
56476_G_C,1,7,1.0
56476_G_C,1,8,1.0
56476_G_C,1,9,1.0
56476_G_C,1,10,1.0
56476_G_C,1,11,1.0
56476_G_C,1,12,1.0
56476_G_C,1,13,1.0
56476_G_C,1,14,1.0
56476_G_C,1,15,1.0
56476_G_C,1,16,1.0
56476_G_C,1,17,1.0
56476_G_C,1,18,1.0
56476_G_C,1,19,1.0
56476_G_C,1,20,1.0
56476_G_C,1,21,1.0
56476_G_C,1,22,1.0
56476_G_C,1,23,1.0
56476_G_C,1,24,1.0
56476_G_C,1,25,1.0
56532_G_A,1,1,1.0
56532_G_A,1,2,1.0
56532_G_A,1,3,1.0
56532_G_A,1,4,1.0
56532_G_A,1,5,1.0
56532_G_A,1,6,1.0
56532_G_A,1,7,1.0
56532_G_A,1,8,1.0
56532_G_A,1,9,1.0
56532_G_A,1,10,1.0
56532_G_A,1,11,1.0
56532_G_A,1,12,1.0
56532_G_A,1,13,1.0
56532_G_A,1,14,1.0
56532_G_A,1,15,1.0
56532_G_A,1,16,1.0
56532_G_A,1,17,1.0
56532_G_A,1,18,1.0
56532_G_A,1,19,1.0
56532_G_A,1,20,1.0
56532_G_A,1,21,1.0
56532_G_A,1,22,1.0
56532_G_A,1,23,1.0
56532_G_A,1,24,1.0
56532_G_A,1,25,1.0
56532_G_B,1,1,1.0
56532_G_B,1,2,1.0
56532_G_B,1,3,1.0
56532_G_B,1,4,1.0
56532_G_B,1,5,1.0
56532_G_B,1,6,1.0
56532_G_B,1,7,1.0
56532_G_B,1,8,1.0
56532_G_B,1,9,1.0
56532_G_B,1,10,1.0
56532_G_B,1,11,1.0
56532_G_B,1,12,1.0
56532_G_B,1,13,1.0
56532_G_B,1,14,1.0
56532_G_B,1,15,1.0
56532_G_B,1,16,1.0
56532_G_B,1,17,1.0
56532_G_B,1,18,1.0
56532_G_B,1,19,1.0
56532_G_B,1,20,1.0
56532_G_B,1,21,1.0
56532_G_B,1,22,1.0
56532_G_B,1,23,1.0
56532_G_B,1,24,1.0
56532_G_B,1,25,1.0
56532_G_C,1,1,1.0
56532_G_C,1,2,1.0
56532_G_C,1,3,1.0
56532_G_C,1,4,1.0
56532_G_C,1,5,1.0
56532_G_C,1,6,1.0
56532_G_C,1,7,1.0
56532_G_C,1,8,1.0
56532_G_C,1,9,1.0
56532_G_C,1,10,1.0
56532_G_C,1,11,1.0
56532_G_C,1,12,1.0
56532_G_C,1,13,1.0
56532_G_C,1,14,1.0
56532_G_C,1,15,1.0
56532_G_C,1,16,1.0
56532_G_C,1,17,1.0
56532_G_C,1,18,1.0
56532_G_C,1,19,1.0
56532_G_C,1,20,1.0
56532_G_C,1,21,1.0
56532_G_C,1,22,1.0
56532_G_C,1,23,1.0
56532_G_C,1,24,1.0
56532_G_C,1,25,1.0
56803_G_1,1,1,-0.0
56803_G_1,1,2,-0.0
56803_G_1,1,3,-0.0
56803_G_1,1,4,-0.0
56803_G_1,1,5,-0.0
56803_G_1,1,6,-0.0
56803_G_1,1,7,-0.0
56803_G_1,1,8,-0.0
56803_G_1,1,9,-0.0
56803_G_1,1,10,-0.0
56803_G_1,1,11,-0.0
56803_G_1,1,12,-0.0
56803_G_1,1,13,-0.0
56803_G_1,1,14,0.0
56803_G_1,1,15,0.0
56803_G_1,1,16,0.0
56803_G_1,1,17,0.0
56803_G_1,1,18,0.0
56803_G_1,1,19,0.0
56803_G_1,1,20,-0.0
56803_G_1,1,21,0.0
56803_G_1,1,22,0.0
56803_G_1,1,23,0.0
56803_G_1,1,24,0.0
56803_G_1,1,25,-0.0
56803_G_2,1,1,-0.0
56803_G_2,1,2,-0.0
56803_G_2,1,3,-0.0
56803_G_2,1,4,-0.0
56803_G_2,1,5,-0.0
56803_G_2,1,6,-0.0
56803_G_2,1,7,-0.0
56803_G_2,1,8,-0.0
56803_G_2,1,9,-0.0
56803_G_2,1,10,-0.0
56803_G_2,1,11,-0.0
56803_G_2,1,12,-0.0
56803_G_2,1,13,-0.0
56803_G_2,1,14,0.0
56803_G_2,1,15,0.0
56803_G_2,1,16,0.0
56803_G_2,1,17,0.0
56803_G_2,1,18,0.0
56803_G_2,1,19,0.0
56803_G_2,1,20,-0.0
56803_G_2,1,21,0.0
56803_G_2,1,22,0.0
56803_G_2,1,23,0.0
56803_G_2,1,24,0.0
56803_G_2,1,25,-0.0
56803_G_3,1,1,-0.0
56803_G_3,1,2,-0.0
56803_G_3,1,3,-0.0
56803_G_3,1,4,-0.0
56803_G_3,1,5,-0.0
56803_G_3,1,6,-0.0
56803_G_3,1,7,-0.0
56803_G_3,1,8,-0.0
56803_G_3,1,9,-0.0
56803_G_3,1,10,-0.0
56803_G_3,1,11,-0.0
56803_G_3,1,12,-0.0
56803_G_3,1,13,-0.0
56803_G_3,1,14,-0.0
56803_G_3,1,15,0.0
56803_G_3,1,16,0.0
56803_G_3,1,17,0.0
56803_G_3,1,18,0.0
56803_G_3,1,19,0.0
56803_G_3,1,20,-0.0
56803_G_3,1,21,0.0
56803_G_3,1,22,0.0
56803_G_3,1,23,0.0
56803_G_3,1,24,0.0
56803_G_3,1,25,-0.0
56803_G_4,1,1,-0.0
56803_G_4,1,2,-0.0
56803_G_4,1,3,-0.0
56803_G_4,1,4,-0.0
56803_G_4,1,5,-0.0
56803_G_4,1,6,-0.0
56803_G_4,1,7,-0.0
56803_G_4,1,8,-0.0
56803_G_4,1,9,-0.0
56803_G_4,1,10,-0.0
56803_G_4,1,11,-0.0
56803_G_4,1,12,-0.0
56803_G_4,1,13,-0.0
56803_G_4,1,14,-0.0
56803_G_4,1,15,0.0
56803_G_4,1,16,0.0
56803_G_4,1,17,0.0
56803_G_4,1,18,0.0
56803_G_4,1,19,0.0
56803_G_4,1,20,-0.0
56803_G_4,1,21,-0.0
56803_G_4,1,22,0.0
56803_G_4,1,23,0.0
56803_G_4,1,24,0.0
56803_G_4,1,25,-0.0
56832_G_GE1,1,1,1.0
56832_G_GE1,1,2,1.0
56832_G_GE1,1,3,1.0
56832_G_GE1,1,4,1.0
56832_G_GE1,1,5,1.0
56832_G_GE1,1,6,1.0
56832_G_GE1,1,7,1.0
56832_G_GE1,1,8,1.0
56832_G_GE1,1,9,1.0
56832_G_GE1,1,10,1.0
56832_G_GE1,1,11,1.0
56832_G_GE1,1,12,1.0
56832_G_GE1,1,13,1.0
56832_G_GE1,1,14,1.0
56832_G_GE1,1,15,1.0
56832_G_GE1,1,16,1.0
56832_G_GE1,1,17,1.0
56832_G_GE1,1,18,1.0
56832_G_GE1,1,19,1.0
56832_G_GE1,1,20,1.0
56832_G_GE1,1,21,1.0
56832_G_GE1,1,22,1.0
56832_G_GE1,1,23,1.0
56832_G_GE1,1,24,1.0
56832_G_GE1,1,25,1.0
56832_G_GE2,1,1,1.0
56832_G_GE2,1,2,1.0
56832_G_GE2,1,3,1.0
56832_G_GE2,1,4,1.0
56832_G_GE2,1,5,1.0
56832_G_GE2,1,6,1.0
56832_G_GE2,1,7,1.0
56832_G_GE2,1,8,1.0
56832_G_GE2,1,9,1.0
56832_G_GE2,1,10,1.0
56832_G_GE2,1,11,1.0
56832_G_GE2,1,12,1.0
56832_G_GE2,1,13,1.0
56832_G_GE2,1,14,1.0
56832_G_GE2,1,15,1.0
56832_G_GE2,1,16,1.0
56832_G_GE2,1,17,1.0
56832_G_GE2,1,18,1.0
56832_G_GE2,1,19,1.0
56832_G_GE2,1,20,1.0
56832_G_GE2,1,21,1.0
56832_G_GE2,1,22,1.0
56832_G_GE2,1,23,1.0
56832_G_GE2,1,24,1.0
56832_G_GE2,1,25,1.0
56832_G_GE3,1,1,1.0
56832_G_GE3,1,2,1.0
56832_G_GE3,1,3,1.0
56832_G_GE3,1,4,1.0
56832_G_GE3,1,5,1.0
56832_G_GE3,1,6,1.0
56832_G_GE3,1,7,1.0
56832_G_GE3,1,8,1.0
56832_G_GE3,1,9,1.0
56832_G_GE3,1,10,1.0
56832_G_GE3,1,11,1.0
56832_G_GE3,1,12,1.0
56832_G_GE3,1,13,1.0
56832_G_GE3,1,14,1.0
56832_G_GE3,1,15,1.0
56832_G_GE3,1,16,1.0
56832_G_GE3,1,17,1.0
56832_G_GE3,1,18,1.0
56832_G_GE3,1,19,1.0
56832_G_GE3,1,20,1.0
56832_G_GE3,1,21,1.0
56832_G_GE3,1,22,1.0
56832_G_GE3,1,23,1.0
56832_G_GE3,1,24,1.0
56832_G_GE3,1,25,1.0
56832_G_GE4,1,1,1.0
56832_G_GE4,1,2,1.0
56832_G_GE4,1,3,1.0
56832_G_GE4,1,4,1.0
56832_G_GE4,1,5,1.0
56832_G_GE4,1,6,1.0
56832_G_GE4,1,7,1.0
56832_G_GE4,1,8,1.0
56832_G_GE4,1,9,1.0
56832_G_GE4,1,10,1.0
56832_G_GE4,1,11,1.0
56832_G_GE4,1,12,1.0
56832_G_GE4,1,13,1.0
56832_G_GE4,1,14,1.0
56832_G_GE4,1,15,1.0
56832_G_GE4,1,16,1.0
56832_G_GE4,1,17,1.0
56832_G_GE4,1,18,1.0
56832_G_GE4,1,19,1.0
56832_G_GE4,1,20,1.0
56832_G_GE4,1,21,1.0
56832_G_GE4,1,22,1.0
56832_G_GE4,1,23,1.0
56832_G_GE4,1,24,1.0
56832_G_GE4,1,25,1.0
57122_G_CTG1,1,1,1.0
57122_G_CTG1,1,2,1.0
57122_G_CTG1,1,3,1.0
57122_G_CTG1,1,4,1.0
57122_G_CTG1,1,5,1.0
57122_G_CTG1,1,6,1.0
57122_G_CTG1,1,7,1.0
57122_G_CTG1,1,8,1.0
57122_G_CTG1,1,9,1.0
57122_G_CTG1,1,10,1.0
57122_G_CTG1,1,11,1.0
57122_G_CTG1,1,12,1.0
57122_G_CTG1,1,13,1.0
57122_G_CTG1,1,14,1.0
57122_G_CTG1,1,15,1.0
57122_G_CTG1,1,16,1.0
57122_G_CTG1,1,17,1.0
57122_G_CTG1,1,18,1.0
57122_G_CTG1,1,19,1.0
57122_G_CTG1,1,20,1.0
57122_G_CTG1,1,21,1.0
57122_G_CTG1,1,22,1.0
57122_G_CTG1,1,23,1.0
57122_G_CTG1,1,24,1.0
57122_G_CTG1,1,25,1.0
57122_G_STG1,1,1,1.0
57122_G_STG1,1,2,1.0
57122_G_STG1,1,3,1.0
57122_G_STG1,1,4,1.0
57122_G_STG1,1,5,1.0
57122_G_STG1,1,6,1.0
57122_G_STG1,1,7,1.0
57122_G_STG1,1,8,1.0
57122_G_STG1,1,9,1.0
57122_G_STG1,1,10,1.0
57122_G_STG1,1,11,1.0
57122_G_STG1,1,12,1.0
57122_G_STG1,1,13,1.0
57122_G_STG1,1,14,1.0
57122_G_STG1,1,15,1.0
57122_G_STG1,1,16,1.0
57122_G_STG1,1,17,1.0
57122_G_STG1,1,18,1.0
57122_G_STG1,1,19,1.0
57122_G_STG1,1,20,1.0
57122_G_STG1,1,21,1.0
57122_G_STG1,1,22,1.0
57122_G_STG1,1,23,1.0
57122_G_STG1,1,24,1.0
57122_G_STG1,1,25,1.0
57267_G_1,1,1,-0.0
57267_G_1,1,2,-0.0
57267_G_1,1,3,-0.0
57267_G_1,1,4,-0.0
57267_G_1,1,5,-0.0
57267_G_1,1,6,-0.0
57267_G_1,1,7,-0.0
57267_G_1,1,8,-0.0
57267_G_1,1,9,-0.0
57267_G_1,1,10,-0.0
57267_G_1,1,11,-0.0
57267_G_1,1,12,-0.0
57267_G_1,1,13,-0.0
57267_G_1,1,14,-0.0
57267_G_1,1,15,-0.0
57267_G_1,1,16,-0.0
57267_G_1,1,17,-0.0
57267_G_1,1,18,-0.0
57267_G_1,1,19,-0.0
57267_G_1,1,20,-0.0
57267_G_1,1,21,-0.0
57267_G_1,1,22,-0.0
57267_G_1,1,23,-0.0
57267_G_1,1,24,-0.0
57267_G_1,1,25,-0.0
57267_G_2,1,1,-0.0
57267_G_2,1,2,-0.0
57267_G_2,1,3,-0.0
57267_G_2,1,4,-0.0
57267_G_2,1,5,-0.0
57267_G_2,1,6,-0.0
57267_G_2,1,7,-0.0
57267_G_2,1,8,-0.0
57267_G_2,1,9,-0.0
57267_G_2,1,10,-0.0
57267_G_2,1,11,-0.0
57267_G_2,1,12,-0.0
57267_G_2,1,13,-0.0
57267_G_2,1,14,-0.0
57267_G_2,1,15,-0.0
57267_G_2,1,16,-0.0
57267_G_2,1,17,-0.0
57267_G_2,1,18,-0.0
57267_G_2,1,19,-0.0
57267_G_2,1,20,-0.0
57267_G_2,1,21,-0.0
57267_G_2,1,22,-0.0
57267_G_2,1,23,-0.0
57267_G_2,1,24,-0.0
57267_G_2,1,25,-0.0
57267_G_3,1,1,-0.0
57267_G_3,1,2,-0.0
57267_G_3,1,3,-0.0
57267_G_3,1,4,-0.0
57267_G_3,1,5,-0.0
57267_G_3,1,6,-0.0
57267_G_3,1,7,-0.0
57267_G_3,1,8,-0.0
57267_G_3,1,9,-0.0
57267_G_3,1,10,-0.0
57267_G_3,1,11,-0.0
57267_G_3,1,12,-0.0
57267_G_3,1,13,-0.0
57267_G_3,1,14,-0.0
57267_G_3,1,15,-0.0
57267_G_3,1,16,-0.0
57267_G_3,1,17,-0.0
57267_G_3,1,18,-0.0
57267_G_3,1,19,-0.0
57267_G_3,1,20,-0.0
57267_G_3,1,21,-0.0
57267_G_3,1,22,-0.0
57267_G_3,1,23,-0.0
57267_G_3,1,24,-0.0
57267_G_3,1,25,-0.0
57267_G_4,1,1,-0.0
57267_G_4,1,2,-0.0
57267_G_4,1,3,-0.0
57267_G_4,1,4,-0.0
57267_G_4,1,5,-0.0
57267_G_4,1,6,-0.0
57267_G_4,1,7,-0.0
57267_G_4,1,8,-0.0
57267_G_4,1,9,-0.0
57267_G_4,1,10,-0.0
57267_G_4,1,11,-0.0
57267_G_4,1,12,-0.0
57267_G_4,1,13,-0.0
57267_G_4,1,14,-0.0
57267_G_4,1,15,-0.0
57267_G_4,1,16,-0.0
57267_G_4,1,17,-0.0
57267_G_4,1,18,-0.0
57267_G_4,1,19,-0.0
57267_G_4,1,20,-0.0
57267_G_4,1,21,-0.0
57267_G_4,1,22,-0.0
57267_G_4,1,23,-0.0
57267_G_4,1,24,-0.0
57267_G_4,1,25,-0.0
57475_G_HRP1,1,1,1.0
57475_G_HRP1,1,2,1.0
57475_G_HRP1,1,3,1.0
57475_G_HRP1,1,4,1.0
57475_G_HRP1,1,5,1.0
57475_G_HRP1,1,6,1.0
57475_G_HRP1,1,7,1.0
57475_G_HRP1,1,8,1.0
57475_G_HRP1,1,9,1.0
57475_G_HRP1,1,10,1.0
57475_G_HRP1,1,11,1.0
57475_G_HRP1,1,12,1.0
57475_G_HRP1,1,13,1.0
57475_G_HRP1,1,14,1.0
57475_G_HRP1,1,15,1.0
57475_G_HRP1,1,16,1.0
57475_G_HRP1,1,17,1.0
57475_G_HRP1,1,18,1.0
57475_G_HRP1,1,19,1.0
57475_G_HRP1,1,20,1.0
57475_G_HRP1,1,21,1.0
57475_G_HRP1,1,22,1.0
57475_G_HRP1,1,23,1.0
57475_G_HRP1,1,24,1.0
57475_G_HRP1,1,25,1.0
57482_G_CTG1,1,1,-0.0
57482_G_CTG1,1,2,-0.0
57482_G_CTG1,1,3,-0.0
57482_G_CTG1,1,4,-0.0
57482_G_CTG1,1,5,-0.0
57482_G_CTG1,1,6,-0.0
57482_G_CTG1,1,7,-0.0
57482_G_CTG1,1,8,-0.0
57482_G_CTG1,1,9,-0.0
57482_G_CTG1,1,10,-0.0
57482_G_CTG1,1,11,-0.0
57482_G_CTG1,1,12,-0.0
57482_G_CTG1,1,13,-0.0
57482_G_CTG1,1,14,-0.0
57482_G_CTG1,1,15,0.0
57482_G_CTG1,1,16,0.0
57482_G_CTG1,1,17,0.0
57482_G_CTG1,1,18,0.0
57482_G_CTG1,1,19,0.0
57482_G_CTG1,1,20,-0.0
57482_G_CTG1,1,21,0.0
57482_G_CTG1,1,22,0.0
57482_G_CTG1,1,23,0.0
57482_G_CTG1,1,24,0.0
57482_G_CTG1,1,25,-0.0
57482_G_CTG2,1,1,-0.0
57482_G_CTG2,1,2,-0.0
57482_G_CTG2,1,3,-0.0
57482_G_CTG2,1,4,-0.0
57482_G_CTG2,1,5,-0.0
57482_G_CTG2,1,6,-0.0
57482_G_CTG2,1,7,-0.0
57482_G_CTG2,1,8,-0.0
57482_G_CTG2,1,9,-0.0
57482_G_CTG2,1,10,-0.0
57482_G_CTG2,1,11,-0.0
57482_G_CTG2,1,12,-0.0
57482_G_CTG2,1,13,-0.0
57482_G_CTG2,1,14,0.0
57482_G_CTG2,1,15,0.0
57482_G_CTG2,1,16,0.0
57482_G_CTG2,1,17,0.0
57482_G_CTG2,1,18,0.0
57482_G_CTG2,1,19,0.0
57482_G_CTG2,1,20,0.0
57482_G_CTG2,1,21,0.0
57482_G_CTG2,1,22,0.0
57482_G_CTG2,1,23,0.0
57482_G_CTG2,1,24,0.0
57482_G_CTG2,1,25,-0.0
57482_G_CTG3,1,1,-0.0
57482_G_CTG3,1,2,-0.0
57482_G_CTG3,1,3,-0.0
57482_G_CTG3,1,4,-0.0
57482_G_CTG3,1,5,-0.0
57482_G_CTG3,1,6,-0.0
57482_G_CTG3,1,7,-0.0
57482_G_CTG3,1,8,-0.0
57482_G_CTG3,1,9,-0.0
57482_G_CTG3,1,10,-0.0
57482_G_CTG3,1,11,-0.0
57482_G_CTG3,1,12,-0.0
57482_G_CTG3,1,13,-0.0
57482_G_CTG3,1,14,0.0
57482_G_CTG3,1,15,0.0
57482_G_CTG3,1,16,0.0
57482_G_CTG3,1,17,0.0
57482_G_CTG3,1,18,0.0
57482_G_CTG3,1,19,0.0
57482_G_CTG3,1,20,-0.0
57482_G_CTG3,1,21,0.0
57482_G_CTG3,1,22,0.0
57482_G_CTG3,1,23,0.0
57482_G_CTG3,1,24,0.0
57482_G_CTG3,1,25,-0.0
57482_G_CTG4,1,1,-0.0
57482_G_CTG4,1,2,-0.0
57482_G_CTG4,1,3,-0.0
57482_G_CTG4,1,4,-0.0
57482_G_CTG4,1,5,-0.0
57482_G_CTG4,1,6,-0.0
57482_G_CTG4,1,7,-0.0
57482_G_CTG4,1,8,-0.0
57482_G_CTG4,1,9,-0.0
57482_G_CTG4,1,10,-0.0
57482_G_CTG4,1,11,-0.0
57482_G_CTG4,1,12,-0.0
57482_G_CTG4,1,13,-0.0
57482_G_CTG4,1,14,0.0
57482_G_CTG4,1,15,0.0
57482_G_CTG4,1,16,0.0
57482_G_CTG4,1,17,0.0
57482_G_CTG4,1,18,0.0
57482_G_CTG4,1,19,0.0
57482_G_CTG4,1,20,0.0
57482_G_CTG4,1,21,0.0
57482_G_CTG4,1,22,0.0
57482_G_CTG4,1,23,0.0
57482_G_CTG4,1,24,0.0
57482_G_CTG4,1,25,-0.0
57482_G_CTG5,1,1,-0.0
57482_G_CTG5,1,2,-0.0
57482_G_CTG5,1,3,-0.0
57482_G_CTG5,1,4,-0.0
57482_G_CTG5,1,5,-0.0
57482_G_CTG5,1,6,-0.0
57482_G_CTG5,1,7,-0.0
57482_G_CTG5,1,8,-0.0
57482_G_CTG5,1,9,-0.0
57482_G_CTG5,1,10,-0.0
57482_G_CTG5,1,11,-0.0
57482_G_CTG5,1,12,-0.0
57482_G_CTG5,1,13,-0.0
57482_G_CTG5,1,14,-0.0
57482_G_CTG5,1,15,0.0
57482_G_CTG5,1,16,0.0
57482_G_CTG5,1,17,0.0
57482_G_CTG5,1,18,1.0
57482_G_CTG5,1,19,1.0
57482_G_CTG5,1,20,1.0
57482_G_CTG5,1,21,0.0
57482_G_CTG5,1,22,0.0
57482_G_CTG5,1,23,0.0
57482_G_CTG5,1,24,0.0
57482_G_CTG5,1,25,-0.0
57482_G_CTG6,1,1,-0.0
57482_G_CTG6,1,2,-0.0
57482_G_CTG6,1,3,-0.0
57482_G_CTG6,1,4,-0.0
57482_G_CTG6,1,5,-0.0
57482_G_CTG6,1,6,-0.0
57482_G_CTG6,1,7,-0.0
57482_G_CTG6,1,8,-0.0
57482_G_CTG6,1,9,-0.0
57482_G_CTG6,1,10,-0.0
57482_G_CTG6,1,11,-0.0
57482_G_CTG6,1,12,-0.0
57482_G_CTG6,1,13,-0.0
57482_G_CTG6,1,14,0.0
57482_G_CTG6,1,15,0.0
57482_G_CTG6,1,16,0.0
57482_G_CTG6,1,17,0.0
57482_G_CTG6,1,18,0.0
57482_G_CTG6,1,19,0.0
57482_G_CTG6,1,20,0.0
57482_G_CTG6,1,21,0.0
57482_G_CTG6,1,22,0.0
57482_G_CTG6,1,23,0.0
57482_G_CTG6,1,24,0.0
57482_G_CTG6,1,25,-0.0
57482_G_CTG7,1,1,-0.0
57482_G_CTG7,1,2,-0.0
57482_G_CTG7,1,3,-0.0
57482_G_CTG7,1,4,-0.0
57482_G_CTG7,1,5,-0.0
57482_G_CTG7,1,6,-0.0
57482_G_CTG7,1,7,-0.0
57482_G_CTG7,1,8,-0.0
57482_G_CTG7,1,9,-0.0
57482_G_CTG7,1,10,-0.0
57482_G_CTG7,1,11,-0.0
57482_G_CTG7,1,12,-0.0
57482_G_CTG7,1,13,-0.0
57482_G_CTG7,1,14,-0.0
57482_G_CTG7,1,15,0.0
57482_G_CTG7,1,16,0.0
57482_G_CTG7,1,17,0.0
57482_G_CTG7,1,18,0.0
57482_G_CTG7,1,19,0.0
57482_G_CTG7,1,20,-0.0
57482_G_CTG7,1,21,0.0
57482_G_CTG7,1,22,0.0
57482_G_CTG7,1,23,0.0
57482_G_CTG7,1,24,0.0
57482_G_CTG7,1,25,-0.0
57482_G_CTG8,1,1,-0.0
57482_G_CTG8,1,2,-0.0
57482_G_CTG8,1,3,-0.0
57482_G_CTG8,1,4,-0.0
57482_G_CTG8,1,5,-0.0
57482_G_CTG8,1,6,-0.0
57482_G_CTG8,1,7,-0.0
57482_G_CTG8,1,8,-0.0
57482_G_CTG8,1,9,-0.0
57482_G_CTG8,1,10,-0.0
57482_G_CTG8,1,11,-0.0
57482_G_CTG8,1,12,-0.0
57482_G_CTG8,1,13,-0.0
57482_G_CTG8,1,14,-0.0
57482_G_CTG8,1,15,0.0
57482_G_CTG8,1,16,0.0
57482_G_CTG8,1,17,0.0
57482_G_CTG8,1,18,1.0
57482_G_CTG8,1,19,1.0
57482_G_CTG8,1,20,-0.0
57482_G_CTG8,1,21,0.0
57482_G_CTG8,1,22,0.0
57482_G_CTG8,1,23,0.0
57482_G_CTG8,1,24,0.0
57482_G_CTG8,1,25,-0.0
57515_G_GT1,1,1,-0.0
57515_G_GT1,1,2,-0.0
57515_G_GT1,1,3,-0.0
57515_G_GT1,1,4,-0.0
57515_G_GT1,1,5,-0.0
57515_G_GT1,1,6,-0.0
57515_G_GT1,1,7,-0.0
57515_G_GT1,1,8,-0.0
57515_G_GT1,1,9,-0.0
57515_G_GT1,1,10,-0.0
57515_G_GT1,1,11,-0.0
57515_G_GT1,1,12,-0.0
57515_G_GT1,1,13,-0.0
57515_G_GT1,1,14,0.0
57515_G_GT1,1,15,0.0
57515_G_GT1,1,16,0.0
57515_G_GT1,1,17,0.0
57515_G_GT1,1,18,0.0
57515_G_GT1,1,19,0.0
57515_G_GT1,1,20,-0.0
57515_G_GT1,1,21,0.0
57515_G_GT1,1,22,0.0
57515_G_GT1,1,23,0.0
57515_G_GT1,1,24,0.0
57515_G_GT1,1,25,-0.0
57515_G_GT2,1,1,-0.0
57515_G_GT2,1,2,-0.0
57515_G_GT2,1,3,-0.0
57515_G_GT2,1,4,-0.0
57515_G_GT2,1,5,-0.0
57515_G_GT2,1,6,-0.0
57515_G_GT2,1,7,-0.0
57515_G_GT2,1,8,-0.0
57515_G_GT2,1,9,-0.0
57515_G_GT2,1,10,-0.0
57515_G_GT2,1,11,-0.0
57515_G_GT2,1,12,-0.0
57515_G_GT2,1,13,0.0
57515_G_GT2,1,14,0.0
57515_G_GT2,1,15,0.0
57515_G_GT2,1,16,0.0
57515_G_GT2,1,17,0.0
57515_G_GT2,1,18,0.0
57515_G_GT2,1,19,0.0
57515_G_GT2,1,20,0.0
57515_G_GT2,1,21,0.0
57515_G_GT2,1,22,0.0
57515_G_GT2,1,23,0.0
57515_G_GT2,1,24,0.0
57515_G_GT2,1,25,-0.0
57515_G_GT3,1,1,-0.0
57515_G_GT3,1,2,-0.0
57515_G_GT3,1,3,-0.0
57515_G_GT3,1,4,-0.0
57515_G_GT3,1,5,-0.0
57515_G_GT3,1,6,-0.0
57515_G_GT3,1,7,-0.0
57515_G_GT3,1,8,-0.0
57515_G_GT3,1,9,-0.0
57515_G_GT3,1,10,-0.0
57515_G_GT3,1,11,-0.0
57515_G_GT3,1,12,0.0
57515_G_GT3,1,13,0.0
57515_G_GT3,1,14,0.0
57515_G_GT3,1,15,0.0
57515_G_GT3,1,16,0.0
57515_G_GT3,1,17,0.0
57515_G_GT3,1,18,0.0
57515_G_GT3,1,19,-0.0
57515_G_GT3,1,20,0.0
57515_G_GT3,1,21,0.0
57515_G_GT3,1,22,0.0
57515_G_GT3,1,23,0.0
57515_G_GT3,1,24,0.0
57515_G_GT3,1,25,-0.0
57515_G_GT4,1,1,-0.0
57515_G_GT4,1,2,-0.0
57515_G_GT4,1,3,-0.0
57515_G_GT4,1,4,-0.0
57515_G_GT4,1,5,-0.0
57515_G_GT4,1,6,-0.0
57515_G_GT4,1,7,-0.0
57515_G_GT4,1,8,-0.0
57515_G_GT4,1,9,-0.0
57515_G_GT4,1,10,-0.0
57515_G_GT4,1,11,-0.0
57515_G_GT4,1,12,-0.0
57515_G_GT4,1,13,-0.0
57515_G_GT4,1,14,0.0
57515_G_GT4,1,15,0.0
57515_G_GT4,1,16,0.0
57515_G_GT4,1,17,0.0
57515_G_GT4,1,18,0.0
57515_G_GT4,1,19,0.0
57515_G_GT4,1,20,-0.0
57515_G_GT4,1,21,0.0
57515_G_GT4,1,22,0.0
57515_G_GT4,1,23,0.0
57515_G_GT4,1,24,0.0
57515_G_GT4,1,25,-0.0
57515_G_GT5,1,1,-0.0
57515_G_GT5,1,2,-0.0
57515_G_GT5,1,3,-0.0
57515_G_GT5,1,4,-0.0
57515_G_GT5,1,5,-0.0
57515_G_GT5,1,6,-0.0
57515_G_GT5,1,7,-0.0
57515_G_GT5,1,8,-0.0
57515_G_GT5,1,9,-0.0
57515_G_GT5,1,10,-0.0
57515_G_GT5,1,11,-0.0
57515_G_GT5,1,12,-0.0
57515_G_GT5,1,13,-0.0
57515_G_GT5,1,14,0.0
57515_G_GT5,1,15,0.0
57515_G_GT5,1,16,0.0
57515_G_GT5,1,17,0.0
57515_G_GT5,1,18,0.0
57515_G_GT5,1,19,0.0
57515_G_GT5,1,20,0.0
57515_G_GT5,1,21,0.0
57515_G_GT5,1,22,0.0
57515_G_GT5,1,23,0.0
57515_G_GT5,1,24,0.0
57515_G_GT5,1,25,-0.0
57555_G_CTG1,1,1,-0.0
57555_G_CTG1,1,2,-0.0
57555_G_CTG1,1,3,-0.0
57555_G_CTG1,1,4,-0.0
57555_G_CTG1,1,5,-0.0
57555_G_CTG1,1,6,-0.0
57555_G_CTG1,1,7,-0.0
57555_G_CTG1,1,8,-0.0
57555_G_CTG1,1,9,-0.0
57555_G_CTG1,1,10,-0.0
57555_G_CTG1,1,11,-0.0
57555_G_CTG1,1,12,-0.0
57555_G_CTG1,1,13,-0.0
57555_G_CTG1,1,14,0.0
57555_G_CTG1,1,15,0.0
57555_G_CTG1,1,16,0.0
57555_G_CTG1,1,17,0.0
57555_G_CTG1,1,18,0.0
57555_G_CTG1,1,19,0.0
57555_G_CTG1,1,20,0.0
57555_G_CTG1,1,21,0.0
57555_G_CTG1,1,22,0.0
57555_G_CTG1,1,23,0.0
57555_G_CTG1,1,24,0.0
57555_G_CTG1,1,25,-0.0
57555_G_CTG2,1,1,-0.0
57555_G_CTG2,1,2,-0.0
57555_G_CTG2,1,3,-0.0
57555_G_CTG2,1,4,-0.0
57555_G_CTG2,1,5,-0.0
57555_G_CTG2,1,6,-0.0
57555_G_CTG2,1,7,-0.0
57555_G_CTG2,1,8,-0.0
57555_G_CTG2,1,9,-0.0
57555_G_CTG2,1,10,-0.0
57555_G_CTG2,1,11,-0.0
57555_G_CTG2,1,12,-0.0
57555_G_CTG2,1,13,-0.0
57555_G_CTG2,1,14,-0.0
57555_G_CTG2,1,15,0.0
57555_G_CTG2,1,16,0.0
57555_G_CTG2,1,17,0.0
57555_G_CTG2,1,18,0.0
57555_G_CTG2,1,19,0.0
57555_G_CTG2,1,20,0.0
57555_G_CTG2,1,21,0.0
57555_G_CTG2,1,22,0.0
57555_G_CTG2,1,23,0.0
57555_G_CTG2,1,24,0.0
57555_G_CTG2,1,25,-0.0
57555_G_CTG3,1,1,-0.0
57555_G_CTG3,1,2,-0.0
57555_G_CTG3,1,3,-0.0
57555_G_CTG3,1,4,-0.0
57555_G_CTG3,1,5,-0.0
57555_G_CTG3,1,6,-0.0
57555_G_CTG3,1,7,-0.0
57555_G_CTG3,1,8,-0.0
57555_G_CTG3,1,9,-0.0
57555_G_CTG3,1,10,-0.0
57555_G_CTG3,1,11,-0.0
57555_G_CTG3,1,12,-0.0
57555_G_CTG3,1,13,-0.0
57555_G_CTG3,1,14,0.0
57555_G_CTG3,1,15,0.0
57555_G_CTG3,1,16,0.0
57555_G_CTG3,1,17,0.0
57555_G_CTG3,1,18,0.0
57555_G_CTG3,1,19,0.0
57555_G_CTG3,1,20,0.0
57555_G_CTG3,1,21,0.0
57555_G_CTG3,1,22,0.0
57555_G_CTG3,1,23,0.0
57555_G_CTG3,1,24,0.0
57555_G_CTG3,1,25,-0.0
57564_G_CTG,1,1,1.0
57564_G_CTG,1,2,1.0
57564_G_CTG,1,3,1.0
57564_G_CTG,1,4,1.0
57564_G_CTG,1,5,1.0
57564_G_CTG,1,6,1.0
57564_G_CTG,1,7,1.0
57564_G_CTG,1,8,1.0
57564_G_CTG,1,9,1.0
57564_G_CTG,1,10,1.0
57564_G_CTG,1,11,1.0
57564_G_CTG,1,12,1.0
57564_G_CTG,1,13,1.0
57564_G_CTG,1,14,1.0
57564_G_CTG,1,15,1.0
57564_G_CTG,1,16,1.0
57564_G_CTG,1,17,1.0
57564_G_CTG,1,18,1.0
57564_G_CTG,1,19,1.0
57564_G_CTG,1,20,1.0
57564_G_CTG,1,21,1.0
57564_G_CTG,1,22,1.0
57564_G_CTG,1,23,1.0
57564_G_CTG,1,24,1.0
57564_G_CTG,1,25,1.0
57564_G_STG2,1,1,1.0
57564_G_STG2,1,2,1.0
57564_G_STG2,1,3,1.0
57564_G_STG2,1,4,1.0
57564_G_STG2,1,5,1.0
57564_G_STG2,1,6,1.0
57564_G_STG2,1,7,1.0
57564_G_STG2,1,8,1.0
57564_G_STG2,1,9,1.0
57564_G_STG2,1,10,1.0
57564_G_STG2,1,11,1.0
57564_G_STG2,1,12,1.0
57564_G_STG2,1,13,1.0
57564_G_STG2,1,14,1.0
57564_G_STG2,1,15,1.0
57564_G_STG2,1,16,1.0
57564_G_STG2,1,17,1.0
57564_G_STG2,1,18,1.0
57564_G_STG2,1,19,1.0
57564_G_STG2,1,20,1.0
57564_G_STG2,1,21,1.0
57564_G_STG2,1,22,1.0
57564_G_STG2,1,23,1.0
57564_G_STG2,1,24,1.0
57564_G_STG2,1,25,1.0
57584_G_NT2,1,1,1.0
57584_G_NT2,1,2,1.0
57584_G_NT2,1,3,1.0
57584_G_NT2,1,4,1.0
57584_G_NT2,1,5,1.0
57584_G_NT2,1,6,1.0
57584_G_NT2,1,7,1.0
57584_G_NT2,1,8,1.0
57584_G_NT2,1,9,1.0
57584_G_NT2,1,10,1.0
57584_G_NT2,1,11,1.0
57584_G_NT2,1,12,1.0
57584_G_NT2,1,13,1.0
57584_G_NT2,1,14,1.0
57584_G_NT2,1,15,1.0
57584_G_NT2,1,16,1.0
57584_G_NT2,1,17,1.0
57584_G_NT2,1,18,1.0
57584_G_NT2,1,19,1.0
57584_G_NT2,1,20,1.0
57584_G_NT2,1,21,1.0
57584_G_NT2,1,22,1.0
57584_G_NT2,1,23,1.0
57584_G_NT2,1,24,1.0
57584_G_NT2,1,25,1.0
57584_G_ST1,1,1,1.0
57584_G_ST1,1,2,1.0
57584_G_ST1,1,3,1.0
57584_G_ST1,1,4,1.0
57584_G_ST1,1,5,1.0
57584_G_ST1,1,6,1.0
57584_G_ST1,1,7,1.0
57584_G_ST1,1,8,1.0
57584_G_ST1,1,9,1.0
57584_G_ST1,1,10,1.0
57584_G_ST1,1,11,1.0
57584_G_ST1,1,12,1.0
57584_G_ST1,1,13,1.0
57584_G_ST1,1,14,1.0
57584_G_ST1,1,15,1.0
57584_G_ST1,1,16,1.0
57584_G_ST1,1,17,1.0
57584_G_ST1,1,18,1.0
57584_G_ST1,1,19,1.0
57584_G_ST1,1,20,1.0
57584_G_ST1,1,21,1.0
57584_G_ST1,1,22,1.0
57584_G_ST1,1,23,1.0
57584_G_ST1,1,24,1.0
57584_G_ST1,1,25,1.0
57584_G_STG,1,1,1.0
57584_G_STG,1,2,1.0
57584_G_STG,1,3,1.0
57584_G_STG,1,4,1.0
57584_G_STG,1,5,1.0
57584_G_STG,1,6,1.0
57584_G_STG,1,7,1.0
57584_G_STG,1,8,1.0
57584_G_STG,1,9,1.0
57584_G_STG,1,10,1.0
57584_G_STG,1,11,1.0
57584_G_STG,1,12,1.0
57584_G_STG,1,13,1.0
57584_G_STG,1,14,1.0
57584_G_STG,1,15,1.0
57584_G_STG,1,16,1.0
57584_G_STG,1,17,1.0
57584_G_STG,1,18,1.0
57584_G_STG,1,19,1.0
57584_G_STG,1,20,1.0
57584_G_STG,1,21,1.0
57584_G_STG,1,22,1.0
57584_G_STG,1,23,1.0
57584_G_STG,1,24,1.0
57584_G_STG,1,25,1.0
57901_G_5,1,1,1.0
57901_G_5,1,2,1.0
57901_G_5,1,3,1.0
57901_G_5,1,4,1.0
57901_G_5,1,5,1.0
57901_G_5,1,6,1.0
57901_G_5,1,7,1.0
57901_G_5,1,8,1.0
57901_G_5,1,9,1.0
57901_G_5,1,10,1.0
57901_G_5,1,11,1.0
57901_G_5,1,12,1.0
57901_G_5,1,13,1.0
57901_G_5,1,14,1.0
57901_G_5,1,15,1.0
57901_G_5,1,16,1.0
57901_G_5,1,17,1.0
57901_G_5,1,18,1.0
57901_G_5,1,19,1.0
57901_G_5,1,20,1.0
57901_G_5,1,21,1.0
57901_G_5,1,22,1.0
57901_G_5,1,23,1.0
57901_G_5,1,24,1.0
57901_G_5,1,25,1.0
57901_G_6,1,1,1.0
57901_G_6,1,2,1.0
57901_G_6,1,3,1.0
57901_G_6,1,4,1.0
57901_G_6,1,5,1.0
57901_G_6,1,6,1.0
57901_G_6,1,7,1.0
57901_G_6,1,8,1.0
57901_G_6,1,9,1.0
57901_G_6,1,10,1.0
57901_G_6,1,11,1.0
57901_G_6,1,12,1.0
57901_G_6,1,13,1.0
57901_G_6,1,14,1.0
57901_G_6,1,15,1.0
57901_G_6,1,16,1.0
57901_G_6,1,17,1.0
57901_G_6,1,18,1.0
57901_G_6,1,19,1.0
57901_G_6,1,20,1.0
57901_G_6,1,21,1.0
57901_G_6,1,22,1.0
57901_G_6,1,23,1.0
57901_G_6,1,24,1.0
57901_G_6,1,25,1.0
57901_G_7,1,1,1.0
57901_G_7,1,2,1.0
57901_G_7,1,3,1.0
57901_G_7,1,4,1.0
57901_G_7,1,5,1.0
57901_G_7,1,6,1.0
57901_G_7,1,7,1.0
57901_G_7,1,8,1.0
57901_G_7,1,9,1.0
57901_G_7,1,10,1.0
57901_G_7,1,11,1.0
57901_G_7,1,12,1.0
57901_G_7,1,13,1.0
57901_G_7,1,14,1.0
57901_G_7,1,15,1.0
57901_G_7,1,16,1.0
57901_G_7,1,17,1.0
57901_G_7,1,18,1.0
57901_G_7,1,19,1.0
57901_G_7,1,20,1.0
57901_G_7,1,21,1.0
57901_G_7,1,22,1.0
57901_G_7,1,23,1.0
57901_G_7,1,24,1.0
57901_G_7,1,25,1.0
57901_G_8,1,1,1.0
57901_G_8,1,2,1.0
57901_G_8,1,3,1.0
57901_G_8,1,4,1.0
57901_G_8,1,5,1.0
57901_G_8,1,6,1.0
57901_G_8,1,7,1.0
57901_G_8,1,8,1.0
57901_G_8,1,9,1.0
57901_G_8,1,10,1.0
57901_G_8,1,11,1.0
57901_G_8,1,12,1.0
57901_G_8,1,13,1.0
57901_G_8,1,14,1.0
57901_G_8,1,15,1.0
57901_G_8,1,16,1.0
57901_G_8,1,17,1.0
57901_G_8,1,18,1.0
57901_G_8,1,19,1.0
57901_G_8,1,20,1.0
57901_G_8,1,21,1.0
57901_G_8,1,22,1.0
57901_G_8,1,23,1.0
57901_G_8,1,24,1.0
57901_G_8,1,25,1.0
57978_G_CT1,1,1,1.0
57978_G_CT1,1,2,1.0
57978_G_CT1,1,3,1.0
57978_G_CT1,1,4,1.0
57978_G_CT1,1,5,1.0
57978_G_CT1,1,6,1.0
57978_G_CT1,1,7,1.0
57978_G_CT1,1,8,1.0
57978_G_CT1,1,9,1.0
57978_G_CT1,1,10,1.0
57978_G_CT1,1,11,1.0
57978_G_CT1,1,12,1.0
57978_G_CT1,1,13,1.0
57978_G_CT1,1,14,1.0
57978_G_CT1,1,15,1.0
57978_G_CT1,1,16,1.0
57978_G_CT1,1,17,1.0
57978_G_CT1,1,18,1.0
57978_G_CT1,1,19,1.0
57978_G_CT1,1,20,1.0
57978_G_CT1,1,21,1.0
57978_G_CT1,1,22,1.0
57978_G_CT1,1,23,1.0
57978_G_CT1,1,24,1.0
57978_G_CT1,1,25,1.0
57978_G_ST1,1,1,1.0
57978_G_ST1,1,2,1.0
57978_G_ST1,1,3,1.0
57978_G_ST1,1,4,1.0
57978_G_ST1,1,5,1.0
57978_G_ST1,1,6,1.0
57978_G_ST1,1,7,1.0
57978_G_ST1,1,8,1.0
57978_G_ST1,1,9,1.0
57978_G_ST1,1,10,1.0
57978_G_ST1,1,11,1.0
57978_G_ST1,1,12,1.0
57978_G_ST1,1,13,1.0
57978_G_ST1,1,14,1.0
57978_G_ST1,1,15,1.0
57978_G_ST1,1,16,1.0
57978_G_ST1,1,17,1.0
57978_G_ST1,1,18,1.0
57978_G_ST1,1,19,1.0
57978_G_ST1,1,20,1.0
57978_G_ST1,1,21,1.0
57978_G_ST1,1,22,1.0
57978_G_ST1,1,23,1.0
57978_G_ST1,1,24,1.0
57978_G_ST1,1,25,1.0
58198_G_GTG1,1,1,1.0
58198_G_GTG1,1,2,1.0
58198_G_GTG1,1,3,1.0
58198_G_GTG1,1,4,1.0
58198_G_GTG1,1,5,1.0
58198_G_GTG1,1,6,1.0
58198_G_GTG1,1,7,1.0
58198_G_GTG1,1,8,1.0
58198_G_GTG1,1,9,1.0
58198_G_GTG1,1,10,1.0
58198_G_GTG1,1,11,1.0
58198_G_GTG1,1,12,1.0
58198_G_GTG1,1,13,1.0
58198_G_GTG1,1,14,1.0
58198_G_GTG1,1,15,1.0
58198_G_GTG1,1,16,1.0
58198_G_GTG1,1,17,1.0
58198_G_GTG1,1,18,1.0
58198_G_GTG1,1,19,1.0
58198_G_GTG1,1,20,1.0
58198_G_GTG1,1,21,1.0
58198_G_GTG1,1,22,1.0
58198_G_GTG1,1,23,1.0
58198_G_GTG1,1,24,1.0
58198_G_GTG1,1,25,1.0
58198_G_GTG2,1,1,1.0
58198_G_GTG2,1,2,1.0
58198_G_GTG2,1,3,1.0
58198_G_GTG2,1,4,1.0
58198_G_GTG2,1,5,1.0
58198_G_GTG2,1,6,1.0
58198_G_GTG2,1,7,1.0
58198_G_GTG2,1,8,1.0
58198_G_GTG2,1,9,1.0
58198_G_GTG2,1,10,1.0
58198_G_GTG2,1,11,1.0
58198_G_GTG2,1,12,1.0
58198_G_GTG2,1,13,1.0
58198_G_GTG2,1,14,1.0
58198_G_GTG2,1,15,1.0
58198_G_GTG2,1,16,1.0
58198_G_GTG2,1,17,1.0
58198_G_GTG2,1,18,1.0
58198_G_GTG2,1,19,1.0
58198_G_GTG2,1,20,1.0
58198_G_GTG2,1,21,1.0
58198_G_GTG2,1,22,1.0
58198_G_GTG2,1,23,1.0
58198_G_GTG2,1,24,1.0
58198_G_GTG2,1,25,1.0
58198_G_STG1,1,1,1.0
58198_G_STG1,1,2,1.0
58198_G_STG1,1,3,1.0
58198_G_STG1,1,4,1.0
58198_G_STG1,1,5,1.0
58198_G_STG1,1,6,1.0
58198_G_STG1,1,7,1.0
58198_G_STG1,1,8,1.0
58198_G_STG1,1,9,1.0
58198_G_STG1,1,10,1.0
58198_G_STG1,1,11,1.0
58198_G_STG1,1,12,1.0
58198_G_STG1,1,13,1.0
58198_G_STG1,1,14,1.0
58198_G_STG1,1,15,1.0
58198_G_STG1,1,16,1.0
58198_G_STG1,1,17,1.0
58198_G_STG1,1,18,1.0
58198_G_STG1,1,19,1.0
58198_G_STG1,1,20,1.0
58198_G_STG1,1,21,1.0
58198_G_STG1,1,22,1.0
58198_G_STG1,1,23,1.0
58198_G_STG1,1,24,1.0
58198_G_STG1,1,25,1.0
6099_G_1,1,1,1.0
6099_G_1,1,2,1.0
6099_G_1,1,3,1.0
6099_G_1,1,4,1.0
6099_G_1,1,5,1.0
6099_G_1,1,6,1.0
6099_G_1,1,7,1.0
6099_G_1,1,8,1.0
6099_G_1,1,9,1.0
6099_G_1,1,10,1.0
6099_G_1,1,11,1.0
6099_G_1,1,12,1.0
6099_G_1,1,13,1.0
6099_G_1,1,14,1.0
6099_G_1,1,15,1.0
6099_G_1,1,16,1.0
6099_G_1,1,17,1.0
6099_G_1,1,18,1.0
6099_G_1,1,19,1.0
6099_G_1,1,20,1.0
6099_G_1,1,21,1.0
6099_G_1,1,22,1.0
6099_G_1,1,23,1.0
6099_G_1,1,24,1.0
6099_G_1,1,25,1.0
6099_G_2,1,1,1.0
6099_G_2,1,2,1.0
6099_G_2,1,3,1.0
6099_G_2,1,4,1.0
6099_G_2,1,5,1.0
6099_G_2,1,6,1.0
6099_G_2,1,7,1.0
6099_G_2,1,8,1.0
6099_G_2,1,9,1.0
6099_G_2,1,10,1.0
6099_G_2,1,11,1.0
6099_G_2,1,12,1.0
6099_G_2,1,13,1.0
6099_G_2,1,14,1.0
6099_G_2,1,15,1.0
6099_G_2,1,16,1.0
6099_G_2,1,17,1.0
6099_G_2,1,18,1.0
6099_G_2,1,19,1.0
6099_G_2,1,20,1.0
6099_G_2,1,21,1.0
6099_G_2,1,22,1.0
6099_G_2,1,23,1.0
6099_G_2,1,24,1.0
6099_G_2,1,25,1.0
7266_G_2,1,1,1.0
7266_G_2,1,2,1.0
7266_G_2,1,3,1.0
7266_G_2,1,4,1.0
7266_G_2,1,5,1.0
7266_G_2,1,6,1.0
7266_G_2,1,7,1.0
7266_G_2,1,8,1.0
7266_G_2,1,9,1.0
7266_G_2,1,10,1.0
7266_G_2,1,11,1.0
7266_G_2,1,12,1.0
7266_G_2,1,13,1.0
7266_G_2,1,14,1.0
7266_G_2,1,15,1.0
7266_G_2,1,16,1.0
7266_G_2,1,17,1.0
7266_G_2,1,18,1.0
7266_G_2,1,19,1.0
7266_G_2,1,20,1.0
7266_G_2,1,21,1.0
7266_G_2,1,22,1.0
7266_G_2,1,23,1.0
7266_G_2,1,24,1.0
7266_G_2,1,25,-0.0
7266_G_3,1,1,1.0
7266_G_3,1,2,1.0
7266_G_3,1,3,1.0
7266_G_3,1,4,1.0
7266_G_3,1,5,1.0
7266_G_3,1,6,1.0
7266_G_3,1,7,1.0
7266_G_3,1,8,1.0
7266_G_3,1,9,1.0
7266_G_3,1,10,1.0
7266_G_3,1,11,1.0
7266_G_3,1,12,1.0
7266_G_3,1,13,1.0
7266_G_3,1,14,1.0
7266_G_3,1,15,1.0
7266_G_3,1,16,1.0
7266_G_3,1,17,1.0
7266_G_3,1,18,1.0
7266_G_3,1,19,1.0
7266_G_3,1,20,1.0
7266_G_3,1,21,1.0
7266_G_3,1,22,1.0
7266_G_3,1,23,1.0
7266_G_3,1,24,1.0
7266_G_3,1,25,-0.0
7307_G_4,1,1,1.0
7307_G_4,1,2,1.0
7307_G_4,1,3,1.0
7307_G_4,1,4,1.0
7307_G_4,1,5,1.0
7307_G_4,1,6,1.0
7307_G_4,1,7,1.0
7307_G_4,1,8,1.0
7307_G_4,1,9,1.0
7307_G_4,1,10,1.0
7307_G_4,1,11,1.0
7307_G_4,1,12,1.0
7307_G_4,1,13,1.0
7307_G_4,1,14,1.0
7307_G_4,1,15,1.0
7307_G_4,1,16,1.0
7307_G_4,1,17,1.0
7307_G_4,1,18,1.0
7307_G_4,1,19,1.0
7307_G_4,1,20,1.0
7307_G_4,1,21,1.0
7307_G_4,1,22,1.0
7307_G_4,1,23,1.0
7307_G_4,1,24,1.0
7307_G_4,1,25,-0.0
7307_G_5,1,1,1.0
7307_G_5,1,2,1.0
7307_G_5,1,3,1.0
7307_G_5,1,4,1.0
7307_G_5,1,5,1.0
7307_G_5,1,6,1.0
7307_G_5,1,7,1.0
7307_G_5,1,8,1.0
7307_G_5,1,9,1.0
7307_G_5,1,10,1.0
7307_G_5,1,11,1.0
7307_G_5,1,12,1.0
7307_G_5,1,13,1.0
7307_G_5,1,14,1.0
7307_G_5,1,15,1.0
7307_G_5,1,16,1.0
7307_G_5,1,17,1.0
7307_G_5,1,18,1.0
7307_G_5,1,19,1.0
7307_G_5,1,20,1.0
7307_G_5,1,21,1.0
7307_G_5,1,22,1.0
7307_G_5,1,23,1.0
7307_G_5,1,24,1.0
7307_G_5,1,25,-0.0
7307_G_6,1,1,1.0
7307_G_6,1,2,1.0
7307_G_6,1,3,1.0
7307_G_6,1,4,1.0
7307_G_6,1,5,1.0
7307_G_6,1,6,1.0
7307_G_6,1,7,1.0
7307_G_6,1,8,1.0
7307_G_6,1,9,1.0
7307_G_6,1,10,1.0
7307_G_6,1,11,1.0
7307_G_6,1,12,1.0
7307_G_6,1,13,1.0
7307_G_6,1,14,1.0
7307_G_6,1,15,1.0
7307_G_6,1,16,1.0
7307_G_6,1,17,1.0
7307_G_6,1,18,1.0
7307_G_6,1,19,1.0
7307_G_6,1,20,1.0
7307_G_6,1,21,1.0
7307_G_6,1,22,1.0
7307_G_6,1,23,1.0
7307_G_6,1,24,1.0
7307_G_6,1,25,-0.0
7368_G_1,1,1,1.0
7368_G_1,1,2,1.0
7368_G_1,1,3,1.0
7368_G_1,1,4,1.0
7368_G_1,1,5,1.0
7368_G_1,1,6,1.0
7368_G_1,1,7,1.0
7368_G_1,1,8,1.0
7368_G_1,1,9,1.0
7368_G_1,1,10,1.0
7368_G_1,1,11,1.0
7368_G_1,1,12,1.0
7368_G_1,1,13,1.0
7368_G_1,1,14,1.0
7368_G_1,1,15,1.0
7368_G_1,1,16,1.0
7368_G_1,1,17,1.0
7368_G_1,1,18,1.0
7368_G_1,1,19,1.0
7368_G_1,1,20,1.0
7368_G_1,1,21,1.0
7368_G_1,1,22,1.0
7368_G_1,1,23,1.0
7368_G_1,1,24,1.0
7368_G_1,1,25,1.0
7368_G_2,1,1,1.0
7368_G_2,1,2,1.0
7368_G_2,1,3,1.0
7368_G_2,1,4,1.0
7368_G_2,1,5,1.0
7368_G_2,1,6,1.0
7368_G_2,1,7,1.0
7368_G_2,1,8,1.0
7368_G_2,1,9,1.0
7368_G_2,1,10,1.0
7368_G_2,1,11,1.0
7368_G_2,1,12,1.0
7368_G_2,1,13,1.0
7368_G_2,1,14,1.0
7368_G_2,1,15,1.0
7368_G_2,1,16,1.0
7368_G_2,1,17,1.0
7368_G_2,1,18,1.0
7368_G_2,1,19,1.0
7368_G_2,1,20,1.0
7368_G_2,1,21,1.0
7368_G_2,1,22,1.0
7368_G_2,1,23,1.0
7368_G_2,1,24,1.0
7368_G_2,1,25,1.0
7369_G_3,1,1,1.0
7369_G_3,1,2,1.0
7369_G_3,1,3,1.0
7369_G_3,1,4,1.0
7369_G_3,1,5,1.0
7369_G_3,1,6,1.0
7369_G_3,1,7,1.0
7369_G_3,1,8,1.0
7369_G_3,1,9,1.0
7369_G_3,1,10,1.0
7369_G_3,1,11,1.0
7369_G_3,1,12,1.0
7369_G_3,1,13,1.0
7369_G_3,1,14,1.0
7369_G_3,1,15,1.0
7369_G_3,1,16,1.0
7369_G_3,1,17,1.0
7369_G_3,1,18,1.0
7369_G_3,1,19,1.0
7369_G_3,1,20,1.0
7369_G_3,1,21,1.0
7369_G_3,1,22,1.0
7369_G_3,1,23,1.0
7369_G_3,1,24,1.0
7369_G_3,1,25,1.0
7369_G_4,1,1,1.0
7369_G_4,1,2,1.0
7369_G_4,1,3,1.0
7369_G_4,1,4,1.0
7369_G_4,1,5,1.0
7369_G_4,1,6,1.0
7369_G_4,1,7,1.0
7369_G_4,1,8,1.0
7369_G_4,1,9,1.0
7369_G_4,1,10,1.0
7369_G_4,1,11,1.0
7369_G_4,1,12,1.0
7369_G_4,1,13,1.0
7369_G_4,1,14,1.0
7369_G_4,1,15,1.0
7369_G_4,1,16,1.0
7369_G_4,1,17,1.0
7369_G_4,1,18,1.0
7369_G_4,1,19,1.0
7369_G_4,1,20,1.0
7369_G_4,1,21,1.0
7369_G_4,1,22,1.0
7369_G_4,1,23,1.0
7369_G_4,1,24,1.0
7369_G_4,1,25,1.0
7527_G_2,1,1,-0.0
7527_G_2,1,2,-0.0
7527_G_2,1,3,-0.0
7527_G_2,1,4,-0.0
7527_G_2,1,5,-0.0
7527_G_2,1,6,-0.0
7527_G_2,1,7,-0.0
7527_G_2,1,8,-0.0
7527_G_2,1,9,-0.0
7527_G_2,1,10,-0.0
7527_G_2,1,11,-0.0
7527_G_2,1,12,-0.0
7527_G_2,1,13,-0.0
7527_G_2,1,14,-0.0
7527_G_2,1,15,-0.0
7527_G_2,1,16,-0.0
7527_G_2,1,17,-0.0
7527_G_2,1,18,1.0
7527_G_2,1,19,1.0
7527_G_2,1,20,1.0
7527_G_2,1,21,1.0153528340791641e-07
7527_G_2,1,22,-0.0
7527_G_2,1,23,-0.0
7527_G_2,1,24,-0.0
7527_G_2,1,25,-0.0
7527_G_CCCT,1,1,-0.0
7527_G_CCCT,1,2,-0.0
7527_G_CCCT,1,3,-0.0
7527_G_CCCT,1,4,-0.0
7527_G_CCCT,1,5,-0.0
7527_G_CCCT,1,6,-0.0
7527_G_CCCT,1,7,-0.0
7527_G_CCCT,1,8,-0.0
7527_G_CCCT,1,9,-0.0
7527_G_CCCT,1,10,-0.0
7527_G_CCCT,1,11,-0.0
7527_G_CCCT,1,12,-0.0
7527_G_CCCT,1,13,-0.0
7527_G_CCCT,1,14,-0.0
7527_G_CCCT,1,15,-0.0
7527_G_CCCT,1,16,-0.0
7527_G_CCCT,1,17,-0.0
7527_G_CCCT,1,18,1.0
7527_G_CCCT,1,19,1.0
7527_G_CCCT,1,20,1.0
7527_G_CCCT,1,21,-0.0
7527_G_CCCT,1,22,0.0
7527_G_CCCT,1,23,-0.0
7527_G_CCCT,1,24,-0.0
7527_G_CCCT,1,25,-0.0
7551_G_CCST,1,1,1.0
7551_G_CCST,1,2,1.0
7551_G_CCST,1,3,1.0
7551_G_CCST,1,4,1.0
7551_G_CCST,1,5,1.0
7551_G_CCST,1,6,1.0
7551_G_CCST,1,7,1.0
7551_G_CCST,1,8,1.0
7551_G_CCST,1,9,1.0
7551_G_CCST,1,10,1.0
7551_G_CCST,1,11,1.0
7551_G_CCST,1,12,1.0
7551_G_CCST,1,13,1.0
7551_G_CCST,1,14,1.0
7551_G_CCST,1,15,1.0
7551_G_CCST,1,16,1.0
7551_G_CCST,1,17,1.0
7551_G_CCST,1,18,1.0
7551_G_CCST,1,19,1.0
7551_G_CCST,1,20,1.0
7551_G_CCST,1,21,1.0
7551_G_CCST,1,22,1.0
7551_G_CCST,1,23,1.0
7551_G_CCST,1,24,1.0
7551_G_CCST,1,25,1.0
7551_G_CT1A,1,1,1.0
7551_G_CT1A,1,2,1.0
7551_G_CT1A,1,3,1.0
7551_G_CT1A,1,4,1.0
7551_G_CT1A,1,5,1.0
7551_G_CT1A,1,6,1.0
7551_G_CT1A,1,7,1.0
7551_G_CT1A,1,8,1.0
7551_G_CT1A,1,9,1.0
7551_G_CT1A,1,10,1.0
7551_G_CT1A,1,11,1.0
7551_G_CT1A,1,12,1.0
7551_G_CT1A,1,13,1.0
7551_G_CT1A,1,14,1.0
7551_G_CT1A,1,15,1.0
7551_G_CT1A,1,16,1.0
7551_G_CT1A,1,17,1.0
7551_G_CT1A,1,18,1.0
7551_G_CT1A,1,19,1.0
7551_G_CT1A,1,20,1.0
7551_G_CT1A,1,21,1.0
7551_G_CT1A,1,22,1.0
7551_G_CT1A,1,23,1.0
7551_G_CT1A,1,24,1.0
7551_G_CT1A,1,25,1.0
7551_G_CT1B,1,1,1.0
7551_G_CT1B,1,2,1.0
7551_G_CT1B,1,3,1.0
7551_G_CT1B,1,4,1.0
7551_G_CT1B,1,5,1.0
7551_G_CT1B,1,6,1.0
7551_G_CT1B,1,7,1.0
7551_G_CT1B,1,8,1.0
7551_G_CT1B,1,9,1.0
7551_G_CT1B,1,10,1.0
7551_G_CT1B,1,11,1.0
7551_G_CT1B,1,12,1.0
7551_G_CT1B,1,13,1.0
7551_G_CT1B,1,14,1.0
7551_G_CT1B,1,15,1.0
7551_G_CT1B,1,16,1.0
7551_G_CT1B,1,17,1.0
7551_G_CT1B,1,18,1.0
7551_G_CT1B,1,19,1.0
7551_G_CT1B,1,20,1.0
7551_G_CT1B,1,21,1.0
7551_G_CT1B,1,22,1.0
7551_G_CT1B,1,23,1.0
7551_G_CT1B,1,24,1.0
7551_G_CT1B,1,25,1.0
7552_G_CCCT,1,1,1.0
7552_G_CCCT,1,2,1.0
7552_G_CCCT,1,3,1.0
7552_G_CCCT,1,4,1.0
7552_G_CCCT,1,5,1.0
7552_G_CCCT,1,6,1.0
7552_G_CCCT,1,7,1.0
7552_G_CCCT,1,8,1.0
7552_G_CCCT,1,9,1.0
7552_G_CCCT,1,10,1.0
7552_G_CCCT,1,11,1.0
7552_G_CCCT,1,12,1.0
7552_G_CCCT,1,13,1.0
7552_G_CCCT,1,14,1.0
7552_G_CCCT,1,15,1.0
7552_G_CCCT,1,16,1.0
7552_G_CCCT,1,17,1.0
7552_G_CCCT,1,18,1.0
7552_G_CCCT,1,19,1.0
7552_G_CCCT,1,20,1.0
7552_G_CCCT,1,21,1.0
7552_G_CCCT,1,22,1.0
7552_G_CCCT,1,23,1.0
7552_G_CCCT,1,24,1.0
7552_G_CCCT,1,25,1.0
7552_G_CCST,1,1,1.0
7552_G_CCST,1,2,1.0
7552_G_CCST,1,3,1.0
7552_G_CCST,1,4,1.0
7552_G_CCST,1,5,1.0
7552_G_CCST,1,6,1.0
7552_G_CCST,1,7,1.0
7552_G_CCST,1,8,1.0
7552_G_CCST,1,9,1.0
7552_G_CCST,1,10,1.0
7552_G_CCST,1,11,1.0
7552_G_CCST,1,12,1.0
7552_G_CCST,1,13,1.0
7552_G_CCST,1,14,1.0
7552_G_CCST,1,15,1.0
7552_G_CCST,1,16,1.0
7552_G_CCST,1,17,1.0
7552_G_CCST,1,18,1.0
7552_G_CCST,1,19,1.0
7552_G_CCST,1,20,1.0
7552_G_CCST,1,21,1.0
7552_G_CCST,1,22,1.0
7552_G_CCST,1,23,1.0
7552_G_CCST,1,24,1.0
7552_G_CCST,1,25,1.0
902_G_1,1,1,1.0
902_G_1,1,2,1.0
902_G_1,1,3,1.0
902_G_1,1,4,1.0
902_G_1,1,5,1.0
902_G_1,1,6,1.0
902_G_1,1,7,1.0
902_G_1,1,8,1.0
902_G_1,1,9,1.0
902_G_1,1,10,1.0
902_G_1,1,11,1.0
902_G_1,1,12,1.0
902_G_1,1,13,1.0
902_G_1,1,14,1.0
902_G_1,1,15,1.0
902_G_1,1,16,1.0
902_G_1,1,17,1.0
902_G_1,1,18,1.0
902_G_1,1,19,1.0
902_G_1,1,20,1.0
902_G_1,1,21,1.0
902_G_1,1,22,1.0
902_G_1,1,23,1.0
902_G_1,1,24,1.0
902_G_1,1,25,1.0
10169_G_GEN1,1,1,1.0
10169_G_GEN1,1,2,1.0
10169_G_GEN1,1,3,1.0
10169_G_GEN1,1,4,1.0
10169_G_GEN1,1,5,1.0
10169_G_GEN1,1,6,1.0
10169_G_GEN1,1,7,1.0
10169_G_GEN1,1,8,1.0
10169_G_GEN1,1,9,1.0
10169_G_GEN1,1,10,1.0
10169_G_GEN1,1,11,1.0
10169_G_GEN1,1,12,1.0
10169_G_GEN1,1,13,1.0
10169_G_GEN1,1,14,1.0
10169_G_GEN1,1,15,1.0
10169_G_GEN1,1,16,1.0
10169_G_GEN1,1,17,1.0
10169_G_GEN1,1,18,1.0
10169_G_GEN1,1,19,1.0
10169_G_GEN1,1,20,1.0
10169_G_GEN1,1,21,1.0
10169_G_GEN1,1,22,1.0
10169_G_GEN1,1,23,1.0
10169_G_GEN1,1,24,1.0
10169_G_GEN1,1,25,-0.0
10169_G_GEN2,1,1,1.0
10169_G_GEN2,1,2,1.0
10169_G_GEN2,1,3,1.0
10169_G_GEN2,1,4,1.0
10169_G_GEN2,1,5,1.0
10169_G_GEN2,1,6,1.0
10169_G_GEN2,1,7,1.0
10169_G_GEN2,1,8,1.0
10169_G_GEN2,1,9,1.0
10169_G_GEN2,1,10,1.0
10169_G_GEN2,1,11,1.0
10169_G_GEN2,1,12,1.0
10169_G_GEN2,1,13,1.0
10169_G_GEN2,1,14,1.0
10169_G_GEN2,1,15,1.0
10169_G_GEN2,1,16,1.0
10169_G_GEN2,1,17,1.0
10169_G_GEN2,1,18,1.0
10169_G_GEN2,1,19,1.0
10169_G_GEN2,1,20,1.0
10169_G_GEN2,1,21,1.0
10169_G_GEN2,1,22,1.0
10169_G_GEN2,1,23,1.0
10169_G_GEN2,1,24,1.0
10169_G_GEN2,1,25,-0.0
377_G_5,1,1,-0.0
377_G_5,1,2,-0.0
377_G_5,1,3,-0.0
377_G_5,1,4,0.0
377_G_5,1,5,0.0
377_G_5,1,6,0.0
377_G_5,1,7,0.0
377_G_5,1,8,0.0
377_G_5,1,9,0.0
377_G_5,1,10,0.0
377_G_5,1,11,0.0
377_G_5,1,12,0.0
377_G_5,1,13,0.0
377_G_5,1,14,0.0
377_G_5,1,15,0.0
377_G_5,1,16,0.0
377_G_5,1,17,-0.0
377_G_5,1,18,0.0
377_G_5,1,19,0.0
377_G_5,1,20,0.0
377_G_5,1,21,-0.0
377_G_5,1,22,0.0
377_G_5,1,23,0.0
377_G_5,1,24,0.0
377_G_5,1,25,-0.0
55151_G_GEN1,1,1,1.0
55151_G_GEN1,1,2,1.0
55151_G_GEN1,1,3,1.0
55151_G_GEN1,1,4,1.0
55151_G_GEN1,1,5,1.0
55151_G_GEN1,1,6,1.0
55151_G_GEN1,1,7,1.0
55151_G_GEN1,1,8,1.0
55151_G_GEN1,1,9,1.0
55151_G_GEN1,1,10,1.0
55151_G_GEN1,1,11,1.0
55151_G_GEN1,1,12,1.0
55151_G_GEN1,1,13,1.0
55151_G_GEN1,1,14,1.0
55151_G_GEN1,1,15,1.0
55151_G_GEN1,1,16,1.0
55151_G_GEN1,1,17,1.0
55151_G_GEN1,1,18,1.0
55151_G_GEN1,1,19,1.0
55151_G_GEN1,1,20,1.0
55151_G_GEN1,1,21,1.0
55151_G_GEN1,1,22,1.0
55151_G_GEN1,1,23,1.0
55151_G_GEN1,1,24,1.0
55151_G_GEN1,1,25,1.0
55151_G_GEN2,1,1,1.0
55151_G_GEN2,1,2,1.0
55151_G_GEN2,1,3,1.0
55151_G_GEN2,1,4,1.0
55151_G_GEN2,1,5,1.0
55151_G_GEN2,1,6,1.0
55151_G_GEN2,1,7,1.0
55151_G_GEN2,1,8,1.0
55151_G_GEN2,1,9,1.0
55151_G_GEN2,1,10,1.0
55151_G_GEN2,1,11,1.0
55151_G_GEN2,1,12,1.0
55151_G_GEN2,1,13,1.0
55151_G_GEN2,1,14,1.0
55151_G_GEN2,1,15,1.0
55151_G_GEN2,1,16,1.0
55151_G_GEN2,1,17,1.0
55151_G_GEN2,1,18,1.0
55151_G_GEN2,1,19,1.0
55151_G_GEN2,1,20,1.0
55151_G_GEN2,1,21,1.0
55151_G_GEN2,1,22,1.0
55151_G_GEN2,1,23,1.0
55151_G_GEN2,1,24,1.0
55151_G_GEN2,1,25,1.0
55151_G_GEN3,1,1,1.0
55151_G_GEN3,1,2,1.0
55151_G_GEN3,1,3,1.0
55151_G_GEN3,1,4,1.0
55151_G_GEN3,1,5,1.0
55151_G_GEN3,1,6,1.0
55151_G_GEN3,1,7,1.0
55151_G_GEN3,1,8,1.0
55151_G_GEN3,1,9,1.0
55151_G_GEN3,1,10,1.0
55151_G_GEN3,1,11,1.0
55151_G_GEN3,1,12,1.0
55151_G_GEN3,1,13,1.0
55151_G_GEN3,1,14,1.0
55151_G_GEN3,1,15,1.0
55151_G_GEN3,1,16,1.0
55151_G_GEN3,1,17,1.0
55151_G_GEN3,1,18,1.0
55151_G_GEN3,1,19,1.0
55151_G_GEN3,1,20,1.0
55151_G_GEN3,1,21,1.0
55151_G_GEN3,1,22,1.0
55151_G_GEN3,1,23,1.0
55151_G_GEN3,1,24,1.0
55151_G_GEN3,1,25,1.0
55151_G_GEN4,1,1,1.0
55151_G_GEN4,1,2,1.0
55151_G_GEN4,1,3,1.0
55151_G_GEN4,1,4,1.0
55151_G_GEN4,1,5,1.0
55151_G_GEN4,1,6,1.0
55151_G_GEN4,1,7,1.0
55151_G_GEN4,1,8,1.0
55151_G_GEN4,1,9,1.0
55151_G_GEN4,1,10,1.0
55151_G_GEN4,1,11,1.0
55151_G_GEN4,1,12,1.0
55151_G_GEN4,1,13,1.0
55151_G_GEN4,1,14,1.0
55151_G_GEN4,1,15,1.0
55151_G_GEN4,1,16,1.0
55151_G_GEN4,1,17,1.0
55151_G_GEN4,1,18,1.0
55151_G_GEN4,1,19,1.0
55151_G_GEN4,1,20,1.0
55151_G_GEN4,1,21,1.0
55151_G_GEN4,1,22,1.0
55151_G_GEN4,1,23,1.0
55151_G_GEN4,1,24,1.0
55151_G_GEN4,1,25,1.0
50571_G_GEN1,1,1,1.0
50571_G_GEN1,1,2,1.0
50571_G_GEN1,1,3,1.0
50571_G_GEN1,1,4,1.0
50571_G_GEN1,1,5,1.0
50571_G_GEN1,1,6,1.0
50571_G_GEN1,1,7,1.0
50571_G_GEN1,1,8,1.0
50571_G_GEN1,1,9,1.0
50571_G_GEN1,1,10,1.0
50571_G_GEN1,1,11,1.0
50571_G_GEN1,1,12,1.0
50571_G_GEN1,1,13,1.0
50571_G_GEN1,1,14,1.0
50571_G_GEN1,1,15,1.0
50571_G_GEN1,1,16,1.0
50571_G_GEN1,1,17,1.0
50571_G_GEN1,1,18,1.0
50571_G_GEN1,1,19,1.0
50571_G_GEN1,1,20,1.0
50571_G_GEN1,1,21,1.0
50571_G_GEN1,1,22,1.0
50571_G_GEN1,1,23,1.0
50571_G_GEN1,1,24,1.0
50571_G_GEN1,1,25,1.0
50831_G_GEN1,1,1,1.0
50831_G_GEN1,1,2,1.0
50831_G_GEN1,1,3,1.0
50831_G_GEN1,1,4,1.0
50831_G_GEN1,1,5,1.0
50831_G_GEN1,1,6,1.0
50831_G_GEN1,1,7,1.0
50831_G_GEN1,1,8,1.0
50831_G_GEN1,1,9,1.0
50831_G_GEN1,1,10,1.0
50831_G_GEN1,1,11,1.0
50831_G_GEN1,1,12,1.0
50831_G_GEN1,1,13,1.0
50831_G_GEN1,1,14,1.0
50831_G_GEN1,1,15,1.0
50831_G_GEN1,1,16,1.0
50831_G_GEN1,1,17,1.0
50831_G_GEN1,1,18,1.0
50831_G_GEN1,1,19,1.0
50831_G_GEN1,1,20,1.0
50831_G_GEN1,1,21,1.0
50831_G_GEN1,1,22,1.0
50831_G_GEN1,1,23,1.0
50831_G_GEN1,1,24,1.0
50831_G_GEN1,1,25,1.0
10472_B_B300,1,1,1.0
10472_B_B300,1,2,1.0
10472_B_B300,1,3,1.0
10472_B_B300,1,4,1.0
10472_B_B300,1,5,1.0
10472_B_B300,1,6,1.0
10472_B_B300,1,7,1.0
10472_B_B300,1,8,1.0
10472_B_B300,1,9,1.0
10472_B_B300,1,10,1.0
10472_B_B300,1,11,1.0
10472_B_B300,1,12,1.0
10472_B_B300,1,13,1.0
10472_B_B300,1,14,1.0
10472_B_B300,1,15,1.0
10472_B_B300,1,16,1.0
10472_B_B300,1,17,1.0
10472_B_B300,1,18,1.0
10472_B_B300,1,19,1.0
10472_B_B300,1,20,1.0
10472_B_B300,1,21,1.0
10472_B_B300,1,22,1.0
10472_B_B300,1,23,1.0
10472_B_B300,1,24,1.0
10472_B_B300,1,25,1.0
10387_G_3,1,1,1.0
10387_G_3,1,2,1.0
10387_G_3,1,3,1.0
10387_G_3,1,4,1.0
10387_G_3,1,5,1.0
10387_G_3,1,6,1.0
10387_G_3,1,7,1.0
10387_G_3,1,8,1.0
10387_G_3,1,9,1.0
10387_G_3,1,10,1.0
10387_G_3,1,11,1.0
10387_G_3,1,12,1.0
10387_G_3,1,13,1.0
10387_G_3,1,14,1.0
10387_G_3,1,15,1.0
10387_G_3,1,16,1.0
10387_G_3,1,17,1.0
10387_G_3,1,18,1.0
10387_G_3,1,19,1.0
10387_G_3,1,20,1.0
10387_G_3,1,21,1.0
10387_G_3,1,22,1.0
10387_G_3,1,23,1.0
10387_G_3,1,24,1.0
10387_G_3,1,25,1.0
10387_G_1A,1,1,1.0
10387_G_1A,1,2,1.0
10387_G_1A,1,3,1.0
10387_G_1A,1,4,1.0
10387_G_1A,1,5,1.0
10387_G_1A,1,6,1.0
10387_G_1A,1,7,1.0
10387_G_1A,1,8,1.0
10387_G_1A,1,9,1.0
10387_G_1A,1,10,1.0
10387_G_1A,1,11,1.0
10387_G_1A,1,12,1.0
10387_G_1A,1,13,1.0
10387_G_1A,1,14,1.0
10387_G_1A,1,15,1.0
10387_G_1A,1,16,1.0
10387_G_1A,1,17,1.0
10387_G_1A,1,18,1.0
10387_G_1A,1,19,1.0
10387_G_1A,1,20,1.0
10387_G_1A,1,21,1.0
10387_G_1A,1,22,1.0
10387_G_1A,1,23,1.0
10387_G_1A,1,24,1.0
10387_G_1A,1,25,1.0
10748_G_U4J16,1,1,1.0
10748_G_U4J16,1,2,1.0
10748_G_U4J16,1,3,1.0
10748_G_U4J16,1,4,1.0
10748_G_U4J16,1,5,1.0
10748_G_U4J16,1,6,1.0
10748_G_U4J16,1,7,1.0
10748_G_U4J16,1,8,1.0
10748_G_U4J16,1,9,1.0
10748_G_U4J16,1,10,1.0
10748_G_U4J16,1,11,1.0
10748_G_U4J16,1,12,1.0
10748_G_U4J16,1,13,1.0
10748_G_U4J16,1,14,1.0
10748_G_U4J16,1,15,1.0
10748_G_U4J16,1,16,1.0
10748_G_U4J16,1,17,1.0
10748_G_U4J16,1,18,1.0
10748_G_U4J16,1,19,1.0
10748_G_U4J16,1,20,1.0
10748_G_U4J16,1,21,1.0
10748_G_U4J16,1,22,1.0
10748_G_U4J16,1,23,1.0
10748_G_U4J16,1,24,1.0
10748_G_U4J16,1,25,1.0
6704_G_10,1,1,-0.0
6704_G_10,1,2,-0.0
6704_G_10,1,3,-0.0
6704_G_10,1,4,-0.0
6704_G_10,1,5,-0.0
6704_G_10,1,6,-0.0
6704_G_10,1,7,-0.0
6704_G_10,1,8,-0.0
6704_G_10,1,9,-0.0
6704_G_10,1,10,-0.0
6704_G_10,1,11,-0.0
6704_G_10,1,12,-0.0
6704_G_10,1,13,-0.0
6704_G_10,1,14,-0.0
6704_G_10,1,15,-0.0
6704_G_10,1,16,-0.0
6704_G_10,1,17,-0.0
6704_G_10,1,18,-0.0
6704_G_10,1,19,-0.0
6704_G_10,1,20,0.0
6704_G_10,1,21,0.0
6704_G_10,1,22,0.0
6704_G_10,1,23,0.0
6704_G_10,1,24,0.0
6704_G_10,1,25,-0.0
6211_G_GEN1,1,1,-0.0
6211_G_GEN1,1,2,-0.0
6211_G_GEN1,1,3,-0.0
6211_G_GEN1,1,4,-0.0
6211_G_GEN1,1,5,-0.0
6211_G_GEN1,1,6,-0.0
6211_G_GEN1,1,7,-0.0
6211_G_GEN1,1,8,-0.0
6211_G_GEN1,1,9,-0.0
6211_G_GEN1,1,10,-0.0
6211_G_GEN1,1,11,-0.0
6211_G_GEN1,1,12,-0.0
6211_G_GEN1,1,13,-0.0
6211_G_GEN1,1,14,-0.0
6211_G_GEN1,1,15,-0.0
6211_G_GEN1,1,16,-0.0
6211_G_GEN1,1,17,-0.0
6211_G_GEN1,1,18,-0.0
6211_G_GEN1,1,19,-0.0
6211_G_GEN1,1,20,-0.0
6211_G_GEN1,1,21,-0.0
6211_G_GEN1,1,22,-0.0
6211_G_GEN1,1,23,-0.0
6211_G_GEN1,1,24,-0.0
6211_G_GEN1,1,25,-0.0
6704_G_14,1,1,-0.0
6704_G_14,1,2,-0.0
6704_G_14,1,3,-0.0
6704_G_14,1,4,-0.0
6704_G_14,1,5,-0.0
6704_G_14,1,6,-0.0
6704_G_14,1,7,-0.0
6704_G_14,1,8,-0.0
6704_G_14,1,9,-0.0
6704_G_14,1,10,-0.0
6704_G_14,1,11,-0.0
6704_G_14,1,12,-0.0
6704_G_14,1,13,-0.0
6704_G_14,1,14,-0.0
6704_G_14,1,15,-0.0
6704_G_14,1,16,0.0
6704_G_14,1,17,0.0
6704_G_14,1,18,0.0
6704_G_14,1,19,0.0
6704_G_14,1,20,0.0
6704_G_14,1,21,0.0
6704_G_14,1,22,0.0
6704_G_14,1,23,0.0
6704_G_14,1,24,0.0
6704_G_14,1,25,-0.0
10175_G_5083,1,1,0.0
10175_G_5083,1,2,0.0
10175_G_5083,1,3,0.0
10175_G_5083,1,4,0.0
10175_G_5083,1,5,0.0
10175_G_5083,1,6,0.0
10175_G_5083,1,7,0.0
10175_G_5083,1,8,0.0
10175_G_5083,1,9,0.0
10175_G_5083,1,10,0.0
10175_G_5083,1,11,0.0
10175_G_5083,1,12,0.0
10175_G_5083,1,13,0.0
10175_G_5083,1,14,0.0
10175_G_5083,1,15,0.0
10175_G_5083,1,16,0.0
10175_G_5083,1,17,0.0
10175_G_5083,1,18,-0.0
10175_G_5083,1,19,0.0
10175_G_5083,1,20,-0.0
10175_G_5083,1,21,0.0
10175_G_5083,1,22,0.0
10175_G_5083,1,23,0.0
10175_G_5083,1,24,0.0
10175_G_5083,1,25,-0.0
50632_B_1,1,1,1.0
50632_B_1,1,2,1.0
50632_B_1,1,3,1.0
50632_B_1,1,4,1.0
50632_B_1,1,5,1.0
50632_B_1,1,6,1.0
50632_B_1,1,7,1.0
50632_B_1,1,8,1.0
50632_B_1,1,9,1.0
50632_B_1,1,10,1.0
50632_B_1,1,11,1.0
50632_B_1,1,12,1.0
50632_B_1,1,13,1.0
50632_B_1,1,14,1.0
50632_B_1,1,15,1.0
50632_B_1,1,16,1.0
50632_B_1,1,17,1.0
50632_B_1,1,18,1.0
50632_B_1,1,19,1.0
50632_B_1,1,20,1.0
50632_B_1,1,21,1.0
50632_B_1,1,22,1.0
50632_B_1,1,23,1.0
50632_B_1,1,24,1.0
50632_B_1,1,25,1.0
10684_B_BLR22,1,1,-0.0
10684_B_BLR22,1,2,-0.0
10684_B_BLR22,1,3,-0.0
10684_B_BLR22,1,4,-0.0
10684_B_BLR22,1,5,-0.0
10684_B_BLR22,1,6,-0.0
10684_B_BLR22,1,7,0.0
10684_B_BLR22,1,8,0.0
10684_B_BLR22,1,9,0.0
10684_B_BLR22,1,10,0.0
10684_B_BLR22,1,11,0.0
10684_B_BLR22,1,12,0.0
10684_B_BLR22,1,13,-0.0
10684_B_BLR22,1,14,0.0
10684_B_BLR22,1,15,-0.0
10684_B_BLR22,1,16,-0.0
10684_B_BLR22,1,17,-0.0
10684_B_BLR22,1,18,-0.0
10684_B_BLR22,1,19,-0.0
10684_B_BLR22,1,20,0.0
10684_B_BLR22,1,21,0.0
10684_B_BLR22,1,22,0.0
10684_B_BLR22,1,23,0.0
10684_B_BLR22,1,24,0.0
10684_B_BLR22,1,25,-0.0
10496_G_GTAG,1,1,-0.0
10496_G_GTAG,1,2,-0.0
10496_G_GTAG,1,3,-0.0
10496_G_GTAG,1,4,-0.0
10496_G_GTAG,1,5,-0.0
10496_G_GTAG,1,6,-0.0
10496_G_GTAG,1,7,-0.0
10496_G_GTAG,1,8,-0.0
10496_G_GTAG,1,9,-0.0
10496_G_GTAG,1,10,-0.0
10496_G_GTAG,1,11,-0.0
10496_G_GTAG,1,12,-0.0
10496_G_GTAG,1,13,-0.0
10496_G_GTAG,1,14,-0.0
10496_G_GTAG,1,15,-0.0
10496_G_GTAG,1,16,-0.0
10496_G_GTAG,1,17,-0.0
10496_G_GTAG,1,18,1.0
10496_G_GTAG,1,19,1.0
10496_G_GTAG,1,20,1.0
10496_G_GTAG,1,21,-0.0
10496_G_GTAG,1,22,0.0
10496_G_GTAG,1,23,0.0
10496_G_GTAG,1,24,0.0
10496_G_GTAG,1,25,-0.0
151_G_1,1,1,-0.0
151_G_1,1,2,-0.0
151_G_1,1,3,-0.0
151_G_1,1,4,-0.0
151_G_1,1,5,-0.0
151_G_1,1,6,-0.0
151_G_1,1,7,-0.0
151_G_1,1,8,-0.0
151_G_1,1,9,-0.0
151_G_1,1,10,-0.0
151_G_1,1,11,-0.0
151_G_1,1,12,-0.0
151_G_1,1,13,-0.0
151_G_1,1,14,-0.0
151_G_1,1,15,-0.0
151_G_1,1,16,-0.0
151_G_1,1,17,-0.0
151_G_1,1,18,-0.0
151_G_1,1,19,-0.0
151_G_1,1,20,-0.0
151_G_1,1,21,-0.0
151_G_1,1,22,-0.0
151_G_1,1,23,-0.0
151_G_1,1,24,-0.0
151_G_1,1,25,-0.0
341_G_CT3,1,1,-0.0
341_G_CT3,1,2,-0.0
341_G_CT3,1,3,-0.0
341_G_CT3,1,4,-0.0
341_G_CT3,1,5,-0.0
341_G_CT3,1,6,-0.0
341_G_CT3,1,7,-0.0
341_G_CT3,1,8,-0.0
341_G_CT3,1,9,-0.0
341_G_CT3,1,10,-0.0
341_G_CT3,1,11,-0.0
341_G_CT3,1,12,-0.0
341_G_CT3,1,13,-0.0
341_G_CT3,1,14,-0.0
341_G_CT3,1,15,-0.0
341_G_CT3,1,16,-0.0
341_G_CT3,1,17,-0.0
341_G_CT3,1,18,-0.0
341_G_CT3,1,19,-0.0
341_G_CT3,1,20,-0.0
341_G_CT3,1,21,-0.0
341_G_CT3,1,22,-0.0
341_G_CT3,1,23,-0.0
341_G_CT3,1,24,-0.0
341_G_CT3,1,25,-0.0
6060_G_4,1,1,-0.0
6060_G_4,1,2,-0.0
6060_G_4,1,3,-0.0
6060_G_4,1,4,-0.0
6060_G_4,1,5,-0.0
6060_G_4,1,6,-0.0
6060_G_4,1,7,-0.0
6060_G_4,1,8,-0.0
6060_G_4,1,9,-0.0
6060_G_4,1,10,-0.0
6060_G_4,1,11,-0.0
6060_G_4,1,12,-0.0
6060_G_4,1,13,-0.0
6060_G_4,1,14,-0.0
6060_G_4,1,15,-0.0
6060_G_4,1,16,-0.0
6060_G_4,1,17,-0.0
6060_G_4,1,18,-0.0
6060_G_4,1,19,-0.0
6060_G_4,1,20,-0.0
6060_G_4,1,21,-0.0
6060_G_4,1,22,-0.0
6060_G_4,1,23,-0.0
6060_G_4,1,24,-0.0
6060_G_4,1,25,-0.0
10110_G_GEN1,1,1,-0.0
10110_G_GEN1,1,2,-0.0
10110_G_GEN1,1,3,-0.0
10110_G_GEN1,1,4,-0.0
10110_G_GEN1,1,5,-0.0
10110_G_GEN1,1,6,-0.0
10110_G_GEN1,1,7,-0.0
10110_G_GEN1,1,8,-0.0
10110_G_GEN1,1,9,-0.0
10110_G_GEN1,1,10,-0.0
10110_G_GEN1,1,11,-0.0
10110_G_GEN1,1,12,-0.0
10110_G_GEN1,1,13,-0.0
10110_G_GEN1,1,14,-0.0
10110_G_GEN1,1,15,-0.0
10110_G_GEN1,1,16,-0.0
10110_G_GEN1,1,17,-0.0
10110_G_GEN1,1,18,-0.0
10110_G_GEN1,1,19,-0.0
10110_G_GEN1,1,20,-0.0
10110_G_GEN1,1,21,-0.0
10110_G_GEN1,1,22,-0.0
10110_G_GEN1,1,23,-0.0
10110_G_GEN1,1,24,-0.0
10110_G_GEN1,1,25,-0.0
50299_G_GEN1,1,1,-0.0
50299_G_GEN1,1,2,-0.0
50299_G_GEN1,1,3,-0.0
50299_G_GEN1,1,4,-0.0
50299_G_GEN1,1,5,-0.0
50299_G_GEN1,1,6,-0.0
50299_G_GEN1,1,7,-0.0
50299_G_GEN1,1,8,-0.0
50299_G_GEN1,1,9,-0.0
50299_G_GEN1,1,10,-0.0
50299_G_GEN1,1,11,-0.0
50299_G_GEN1,1,12,-0.0
50299_G_GEN1,1,13,-0.0
50299_G_GEN1,1,14,-0.0
50299_G_GEN1,1,15,-0.0
50299_G_GEN1,1,16,-0.0
50299_G_GEN1,1,17,-0.0
50299_G_GEN1,1,18,-0.0
50299_G_GEN1,1,19,-0.0
50299_G_GEN1,1,20,-0.0
50299_G_GEN1,1,21,-0.0
50299_G_GEN1,1,22,-0.0
50299_G_GEN1,1,23,-0.0
50299_G_GEN1,1,24,-0.0
50299_G_GEN1,1,25,-0.0
50750_G_GEN1,1,1,-0.0
50750_G_GEN1,1,2,-0.0
50750_G_GEN1,1,3,-0.0
50750_G_GEN1,1,4,-0.0
50750_G_GEN1,1,5,-0.0
50750_G_GEN1,1,6,-0.0
50750_G_GEN1,1,7,-0.0
50750_G_GEN1,1,8,-0.0
50750_G_GEN1,1,9,-0.0
50750_G_GEN1,1,10,-0.0
50750_G_GEN1,1,11,-0.0
50750_G_GEN1,1,12,-0.0
50750_G_GEN1,1,13,-0.0
50750_G_GEN1,1,14,-0.0
50750_G_GEN1,1,15,-0.0
50750_G_GEN1,1,16,-0.0
50750_G_GEN1,1,17,-0.0
50750_G_GEN1,1,18,-0.0
50750_G_GEN1,1,19,-0.0
50750_G_GEN1,1,20,-0.0
50750_G_GEN1,1,21,-0.0
50750_G_GEN1,1,22,-0.0
50750_G_GEN1,1,23,-0.0
50750_G_GEN1,1,24,-0.0
50750_G_GEN1,1,25,-0.0
52169_G_B,1,1,-0.0
52169_G_B,1,2,-0.0
52169_G_B,1,3,-0.0
52169_G_B,1,4,-0.0
52169_G_B,1,5,-0.0
52169_G_B,1,6,-0.0
52169_G_B,1,7,-0.0
52169_G_B,1,8,-0.0
52169_G_B,1,9,-0.0
52169_G_B,1,10,-0.0
52169_G_B,1,11,-0.0
52169_G_B,1,12,-0.0
52169_G_B,1,13,-0.0
52169_G_B,1,14,-0.0
52169_G_B,1,15,-0.0
52169_G_B,1,16,-0.0
52169_G_B,1,17,-0.0
52169_G_B,1,18,0.0
52169_G_B,1,19,-0.0
52169_G_B,1,20,-0.0
52169_G_B,1,21,-0.0
52169_G_B,1,22,-0.0
52169_G_B,1,23,-0.0
52169_G_B,1,24,-0.0
52169_G_B,1,25,-0.0
57585_G_1,1,1,-0.0
57585_G_1,1,2,-0.0
57585_G_1,1,3,-0.0
57585_G_1,1,4,-0.0
57585_G_1,1,5,-0.0
57585_G_1,1,6,-0.0
57585_G_1,1,7,-0.0
57585_G_1,1,8,-0.0
57585_G_1,1,9,-0.0
57585_G_1,1,10,-0.0
57585_G_1,1,11,-0.0
57585_G_1,1,12,-0.0
57585_G_1,1,13,-0.0
57585_G_1,1,14,-0.0
57585_G_1,1,15,-0.0
57585_G_1,1,16,-0.0
57585_G_1,1,17,-0.0
57585_G_1,1,18,-0.0
57585_G_1,1,19,-0.0
57585_G_1,1,20,-0.0
57585_G_1,1,21,-0.0
57585_G_1,1,22,-0.0
57585_G_1,1,23,-0.0
57585_G_1,1,24,-0.0
57585_G_1,1,25,-0.0
10349_G_GEN1,1,1,-0.0
10349_G_GEN1,1,2,-0.0
10349_G_GEN1,1,3,-0.0
10349_G_GEN1,1,4,-0.0
10349_G_GEN1,1,5,-0.0
10349_G_GEN1,1,6,-0.0
10349_G_GEN1,1,7,-0.0
10349_G_GEN1,1,8,-0.0
10349_G_GEN1,1,9,-0.0
10349_G_GEN1,1,10,-0.0
10349_G_GEN1,1,11,-0.0
10349_G_GEN1,1,12,-0.0
10349_G_GEN1,1,13,-0.0
10349_G_GEN1,1,14,0.0
10349_G_GEN1,1,15,0.0
10349_G_GEN1,1,16,0.0
10349_G_GEN1,1,17,0.0
10349_G_GEN1,1,18,1.0
10349_G_GEN1,1,19,1.0
10349_G_GEN1,1,20,1.0
10349_G_GEN1,1,21,-0.0
10349_G_GEN1,1,22,-0.0
10349_G_GEN1,1,23,-0.0
10349_G_GEN1,1,24,-0.0
10349_G_GEN1,1,25,-0.0
10156_G_GEN3,1,1,-0.0
10156_G_GEN3,1,2,-0.0
10156_G_GEN3,1,3,-0.0
10156_G_GEN3,1,4,-0.0
10156_G_GEN3,1,5,-0.0
10156_G_GEN3,1,6,-0.0
10156_G_GEN3,1,7,-0.0
10156_G_GEN3,1,8,-0.0
10156_G_GEN3,1,9,-0.0
10156_G_GEN3,1,10,-0.0
10156_G_GEN3,1,11,-0.0
10156_G_GEN3,1,12,-0.0
10156_G_GEN3,1,13,-0.0
10156_G_GEN3,1,14,-0.0
10156_G_GEN3,1,15,-0.0
10156_G_GEN3,1,16,-0.0
10156_G_GEN3,1,17,-0.0
10156_G_GEN3,1,18,-0.0
10156_G_GEN3,1,19,-0.0
10156_G_GEN3,1,20,-0.0
10156_G_GEN3,1,21,-0.0
10156_G_GEN3,1,22,-0.0
10156_G_GEN3,1,23,-0.0
10156_G_GEN3,1,24,-0.0
10156_G_GEN3,1,25,-0.0
399_G_GT14,1,1,-0.0
399_G_GT14,1,2,-0.0
399_G_GT14,1,3,-0.0
399_G_GT14,1,4,-0.0
399_G_GT14,1,5,-0.0
399_G_GT14,1,6,-0.0
399_G_GT14,1,7,-0.0
399_G_GT14,1,8,-0.0
399_G_GT14,1,9,-0.0
399_G_GT14,1,10,-0.0
399_G_GT14,1,11,-0.0
399_G_GT14,1,12,-0.0
399_G_GT14,1,13,-0.0
399_G_GT14,1,14,-0.0
399_G_GT14,1,15,-0.0
399_G_GT14,1,16,-0.0
399_G_GT14,1,17,-0.0
399_G_GT14,1,18,-0.0
399_G_GT14,1,19,-0.0
399_G_GT14,1,20,-0.0
399_G_GT14,1,21,-0.0
399_G_GT14,1,22,-0.0
399_G_GT14,1,23,-0.0
399_G_GT14,1,24,-0.0
399_G_GT14,1,25,-0.0
55510_G_CPP4,1,1,-0.0
55510_G_CPP4,1,2,-0.0
55510_G_CPP4,1,3,-0.0
55510_G_CPP4,1,4,-0.0
55510_G_CPP4,1,5,-0.0
55510_G_CPP4,1,6,-0.0
55510_G_CPP4,1,7,-0.0
55510_G_CPP4,1,8,-0.0
55510_G_CPP4,1,9,-0.0
55510_G_CPP4,1,10,-0.0
55510_G_CPP4,1,11,-0.0
55510_G_CPP4,1,12,-0.0
55510_G_CPP4,1,13,-0.0
55510_G_CPP4,1,14,-0.0
55510_G_CPP4,1,15,-0.0
55510_G_CPP4,1,16,-0.0
55510_G_CPP4,1,17,-0.0
55510_G_CPP4,1,18,-0.0
55510_G_CPP4,1,19,-0.0
55510_G_CPP4,1,20,-0.0
55510_G_CPP4,1,21,-0.0
55510_G_CPP4,1,22,-0.0
55510_G_CPP4,1,23,-0.0
55510_G_CPP4,1,24,-0.0
55510_G_CPP4,1,25,-0.0
55541_G_CTG3,1,1,-0.0
55541_G_CTG3,1,2,-0.0
55541_G_CTG3,1,3,-0.0
55541_G_CTG3,1,4,-0.0
55541_G_CTG3,1,5,-0.0
55541_G_CTG3,1,6,-0.0
55541_G_CTG3,1,7,-0.0
55541_G_CTG3,1,8,-0.0
55541_G_CTG3,1,9,-0.0
55541_G_CTG3,1,10,-0.0
55541_G_CTG3,1,11,-0.0
55541_G_CTG3,1,12,-0.0
55541_G_CTG3,1,13,-0.0
55541_G_CTG3,1,14,-0.0
55541_G_CTG3,1,15,-0.0
55541_G_CTG3,1,16,-0.0
55541_G_CTG3,1,17,-0.0
55541_G_CTG3,1,18,-0.0
55541_G_CTG3,1,19,-0.0
55541_G_CTG3,1,20,-0.0
55541_G_CTG3,1,21,-0.0
55541_G_CTG3,1,22,-0.0
55541_G_CTG3,1,23,-0.0
55541_G_CTG3,1,24,-0.0
55541_G_CTG3,1,25,-0.0
55698_G_HEP1,1,1,-0.0
55698_G_HEP1,1,2,-0.0
55698_G_HEP1,1,3,-0.0
55698_G_HEP1,1,4,-0.0
55698_G_HEP1,1,5,-0.0
55698_G_HEP1,1,6,-0.0
55698_G_HEP1,1,7,-0.0
55698_G_HEP1,1,8,-0.0
55698_G_HEP1,1,9,-0.0
55698_G_HEP1,1,10,-0.0
55698_G_HEP1,1,11,-0.0
55698_G_HEP1,1,12,-0.0
55698_G_HEP1,1,13,-0.0
55698_G_HEP1,1,14,-0.0
55698_G_HEP1,1,15,-0.0
55698_G_HEP1,1,16,-0.0
55698_G_HEP1,1,17,-0.0
55698_G_HEP1,1,18,-0.0
55698_G_HEP1,1,19,-0.0
55698_G_HEP1,1,20,-0.0
55698_G_HEP1,1,21,-0.0
55698_G_HEP1,1,22,-0.0
55698_G_HEP1,1,23,-0.0
55698_G_HEP1,1,24,-0.0
55698_G_HEP1,1,25,-0.0
55810_G_S5,1,1,-0.0
55810_G_S5,1,2,-0.0
55810_G_S5,1,3,-0.0
55810_G_S5,1,4,-0.0
55810_G_S5,1,5,-0.0
55810_G_S5,1,6,-0.0
55810_G_S5,1,7,-0.0
55810_G_S5,1,8,-0.0
55810_G_S5,1,9,-0.0
55810_G_S5,1,10,-0.0
55810_G_S5,1,11,-0.0
55810_G_S5,1,12,-0.0
55810_G_S5,1,13,-0.0
55810_G_S5,1,14,-0.0
55810_G_S5,1,15,-0.0
55810_G_S5,1,16,-0.0
55810_G_S5,1,17,-0.0
55810_G_S5,1,18,-0.0
55810_G_S5,1,19,-0.0
55810_G_S5,1,20,-0.0
55810_G_S5,1,21,-0.0
55810_G_S5,1,22,-0.0
55810_G_S5,1,23,-0.0
55810_G_S5,1,24,-0.0
55810_G_S5,1,25,-0.0
55951_G_AMP1,1,1,-0.0
55951_G_AMP1,1,2,-0.0
55951_G_AMP1,1,3,-0.0
55951_G_AMP1,1,4,-0.0
55951_G_AMP1,1,5,-0.0
55951_G_AMP1,1,6,-0.0
55951_G_AMP1,1,7,-0.0
55951_G_AMP1,1,8,-0.0
55951_G_AMP1,1,9,-0.0
55951_G_AMP1,1,10,-0.0
55951_G_AMP1,1,11,-0.0
55951_G_AMP1,1,12,-0.0
55951_G_AMP1,1,13,-0.0
55951_G_AMP1,1,14,-0.0
55951_G_AMP1,1,15,-0.0
55951_G_AMP1,1,16,-0.0
55951_G_AMP1,1,17,-0.0
55951_G_AMP1,1,18,-0.0
55951_G_AMP1,1,19,-0.0
55951_G_AMP1,1,20,-0.0
55951_G_AMP1,1,21,-0.0
55951_G_AMP1,1,22,-0.0
55951_G_AMP1,1,23,-0.0
55951_G_AMP1,1,24,-0.0
55951_G_AMP1,1,25,-0.0
56232_G_1,1,1,-0.0
56232_G_1,1,2,-0.0
56232_G_1,1,3,-0.0
56232_G_1,1,4,-0.0
56232_G_1,1,5,-0.0
56232_G_1,1,6,-0.0
56232_G_1,1,7,-0.0
56232_G_1,1,8,-0.0
56232_G_1,1,9,-0.0
56232_G_1,1,10,-0.0
56232_G_1,1,11,-0.0
56232_G_1,1,12,-0.0
56232_G_1,1,13,-0.0
56232_G_1,1,14,-0.0
56232_G_1,1,15,-0.0
56232_G_1,1,16,-0.0
56232_G_1,1,17,-0.0
56232_G_1,1,18,-0.0
56232_G_1,1,19,-0.0
56232_G_1,1,20,-0.0
56232_G_1,1,21,-0.0
56232_G_1,1,22,-0.0
56232_G_1,1,23,-0.0
56232_G_1,1,24,-0.0
56232_G_1,1,25,-0.0
7449_G_NA1,1,1,-0.0
7449_G_NA1,1,2,-0.0
7449_G_NA1,1,3,-0.0
7449_G_NA1,1,4,-0.0
7449_G_NA1,1,5,-0.0
7449_G_NA1,1,6,-0.0
7449_G_NA1,1,7,-0.0
7449_G_NA1,1,8,-0.0
7449_G_NA1,1,9,-0.0
7449_G_NA1,1,10,-0.0
7449_G_NA1,1,11,-0.0
7449_G_NA1,1,12,-0.0
7449_G_NA1,1,13,-0.0
7449_G_NA1,1,14,0.0
7449_G_NA1,1,15,0.0
7449_G_NA1,1,16,0.0
7449_G_NA1,1,17,0.0
7449_G_NA1,1,18,0.0
7449_G_NA1,1,19,0.0
7449_G_NA1,1,20,0.0
7449_G_NA1,1,21,0.0
7449_G_NA1,1,22,0.0
7449_G_NA1,1,23,0.0
7449_G_NA1,1,24,0.0
7449_G_NA1,1,25,-0.0
246_G_IC1,1,1,-0.0
246_G_IC1,1,2,-0.0
246_G_IC1,1,3,-0.0
246_G_IC1,1,4,-0.0
246_G_IC1,1,5,-0.0
246_G_IC1,1,6,-0.0
246_G_IC1,1,7,-0.0
246_G_IC1,1,8,-0.0
246_G_IC1,1,9,-0.0
246_G_IC1,1,10,-0.0
246_G_IC1,1,11,-0.0
246_G_IC1,1,12,-0.0
246_G_IC1,1,13,-0.0
246_G_IC1,1,14,-0.0
246_G_IC1,1,15,-0.0
246_G_IC1,1,16,-0.0
246_G_IC1,1,17,-0.0
246_G_IC1,1,18,-0.0
246_G_IC1,1,19,-0.0
246_G_IC1,1,20,-0.0
246_G_IC1,1,21,-0.0
246_G_IC1,1,22,-0.0
246_G_IC1,1,23,-0.0
246_G_IC1,1,24,-0.0
246_G_IC1,1,25,-0.0
56135_G_2,1,1,-0.0
56135_G_2,1,2,-0.0
56135_G_2,1,3,-0.0
56135_G_2,1,4,-0.0
56135_G_2,1,5,-0.0
56135_G_2,1,6,-0.0
56135_G_2,1,7,-0.0
56135_G_2,1,8,-0.0
56135_G_2,1,9,-0.0
56135_G_2,1,10,-0.0
56135_G_2,1,11,-0.0
56135_G_2,1,12,-0.0
56135_G_2,1,13,-0.0
56135_G_2,1,14,-0.0
56135_G_2,1,15,-0.0
56135_G_2,1,16,-0.0
56135_G_2,1,17,-0.0
56135_G_2,1,18,-0.0
56135_G_2,1,19,-0.0
56135_G_2,1,20,0.0
56135_G_2,1,21,0.0
56135_G_2,1,22,0.0
56135_G_2,1,23,0.0
56135_G_2,1,24,0.0
56135_G_2,1,25,-0.0
56471_G_1,1,1,-0.0
56471_G_1,1,2,-0.0
56471_G_1,1,3,-0.0
56471_G_1,1,4,-0.0
56471_G_1,1,5,-0.0
56471_G_1,1,6,-0.0
56471_G_1,1,7,-0.0
56471_G_1,1,8,-0.0
56471_G_1,1,9,-0.0
56471_G_1,1,10,-0.0
56471_G_1,1,11,-0.0
56471_G_1,1,12,-0.0
56471_G_1,1,13,-0.0
56471_G_1,1,14,-0.0
56471_G_1,1,15,-0.0
56471_G_1,1,16,-0.0
56471_G_1,1,17,-0.0
56471_G_1,1,18,0.0
56471_G_1,1,19,-0.0
56471_G_1,1,20,0.0
56471_G_1,1,21,0.0
56471_G_1,1,22,0.0
56471_G_1,1,23,0.0
56471_G_1,1,24,0.0
56471_G_1,1,25,-0.0
56569_G_2,1,1,-0.0
56569_G_2,1,2,-0.0
56569_G_2,1,3,-0.0
56569_G_2,1,4,-0.0
56569_G_2,1,5,-0.0
56569_G_2,1,6,-0.0
56569_G_2,1,7,-0.0
56569_G_2,1,8,-0.0
56569_G_2,1,9,-0.0
56569_G_2,1,10,-0.0
56569_G_2,1,11,-0.0
56569_G_2,1,12,-0.0
56569_G_2,1,13,-0.0
56569_G_2,1,14,-0.0
56569_G_2,1,15,-0.0
56569_G_2,1,16,-0.0
56569_G_2,1,17,-0.0
56569_G_2,1,18,-0.0
56569_G_2,1,19,-0.0
56569_G_2,1,20,-0.0
56569_G_2,1,21,-0.0
56569_G_2,1,22,-0.0
56569_G_2,1,23,-0.0
56569_G_2,1,24,-0.0
56569_G_2,1,25,-0.0
57001_G_GEN1,1,1,-0.0
57001_G_GEN1,1,2,-0.0
57001_G_GEN1,1,3,-0.0
57001_G_GEN1,1,4,-0.0
57001_G_GEN1,1,5,-0.0
57001_G_GEN1,1,6,-0.0
57001_G_GEN1,1,7,-0.0
57001_G_GEN1,1,8,-0.0
57001_G_GEN1,1,9,-0.0
57001_G_GEN1,1,10,-0.0
57001_G_GEN1,1,11,-0.0
57001_G_GEN1,1,12,-0.0
57001_G_GEN1,1,13,-0.0
57001_G_GEN1,1,14,-0.0
57001_G_GEN1,1,15,-0.0
57001_G_GEN1,1,16,-0.0
57001_G_GEN1,1,17,-0.0
57001_G_GEN1,1,18,-0.0
57001_G_GEN1,1,19,0.0
57001_G_GEN1,1,20,-0.0
57001_G_GEN1,1,21,0.0
57001_G_GEN1,1,22,0.0
57001_G_GEN1,1,23,0.0
57001_G_GEN1,1,24,0.0
57001_G_GEN1,1,25,-0.0
57483_G_CTG2,1,1,-0.0
57483_G_CTG2,1,2,-0.0
57483_G_CTG2,1,3,-0.0
57483_G_CTG2,1,4,-0.0
57483_G_CTG2,1,5,-0.0
57483_G_CTG2,1,6,-0.0
57483_G_CTG2,1,7,-0.0
57483_G_CTG2,1,8,-0.0
57483_G_CTG2,1,9,-0.0
57483_G_CTG2,1,10,-0.0
57483_G_CTG2,1,11,-0.0
57483_G_CTG2,1,12,-0.0
57483_G_CTG2,1,13,-0.0
57483_G_CTG2,1,14,-0.0
57483_G_CTG2,1,15,-0.0
57483_G_CTG2,1,16,-0.0
57483_G_CTG2,1,17,-0.0
57483_G_CTG2,1,18,-0.0
57483_G_CTG2,1,19,-0.0
57483_G_CTG2,1,20,-0.0
57483_G_CTG2,1,21,-0.0
57483_G_CTG2,1,22,-0.0
57483_G_CTG2,1,23,-0.0
57483_G_CTG2,1,24,-0.0
57483_G_CTG2,1,25,-0.0
59074_G_EG6B,1,1,-0.0
59074_G_EG6B,1,2,-0.0
59074_G_EG6B,1,3,-0.0
59074_G_EG6B,1,4,-0.0
59074_G_EG6B,1,5,-0.0
59074_G_EG6B,1,6,-0.0
59074_G_EG6B,1,7,-0.0
59074_G_EG6B,1,8,-0.0
59074_G_EG6B,1,9,-0.0
59074_G_EG6B,1,10,-0.0
59074_G_EG6B,1,11,-0.0
59074_G_EG6B,1,12,-0.0
59074_G_EG6B,1,13,-0.0
59074_G_EG6B,1,14,-0.0
59074_G_EG6B,1,15,-0.0
59074_G_EG6B,1,16,-0.0
59074_G_EG6B,1,17,-0.0
59074_G_EG6B,1,18,-0.0
59074_G_EG6B,1,19,-0.0
59074_G_EG6B,1,20,-0.0
59074_G_EG6B,1,21,-0.0
59074_G_EG6B,1,22,-0.0
59074_G_EG6B,1,23,-0.0
59074_G_EG6B,1,24,-0.0
59074_G_EG6B,1,25,-0.0
59557_G_AC2FC,1,1,-0.0
59557_G_AC2FC,1,2,-0.0
59557_G_AC2FC,1,3,-0.0
59557_G_AC2FC,1,4,-0.0
59557_G_AC2FC,1,5,-0.0
59557_G_AC2FC,1,6,-0.0
59557_G_AC2FC,1,7,-0.0
59557_G_AC2FC,1,8,-0.0
59557_G_AC2FC,1,9,-0.0
59557_G_AC2FC,1,10,-0.0
59557_G_AC2FC,1,11,-0.0
59557_G_AC2FC,1,12,-0.0
59557_G_AC2FC,1,13,-0.0
59557_G_AC2FC,1,14,-0.0
59557_G_AC2FC,1,15,-0.0
59557_G_AC2FC,1,16,-0.0
59557_G_AC2FC,1,17,-0.0
59557_G_AC2FC,1,18,0.0
59557_G_AC2FC,1,19,0.0
59557_G_AC2FC,1,20,0.0
59557_G_AC2FC,1,21,0.0
59557_G_AC2FC,1,22,0.0
59557_G_AC2FC,1,23,0.0
59557_G_AC2FC,1,24,0.0
59557_G_AC2FC,1,25,-0.0
10661_B_4,1,1,1.0
10661_B_4,1,2,1.0
10661_B_4,1,3,1.0
10661_B_4,1,4,1.0
10661_B_4,1,5,1.0
10661_B_4,1,6,1.0
10661_B_4,1,7,1.0
10661_B_4,1,8,1.0
10661_B_4,1,9,1.0
10661_B_4,1,10,1.0
10661_B_4,1,11,1.0
10661_B_4,1,12,1.0
10661_B_4,1,13,1.0
10661_B_4,1,14,1.0
10661_B_4,1,15,1.0
10661_B_4,1,16,1.0
10661_B_4,1,17,1.0
10661_B_4,1,18,1.0
10661_B_4,1,19,1.0
10661_B_4,1,20,1.0
10661_B_4,1,21,1.0
10661_B_4,1,22,1.0
10661_B_4,1,23,1.0
10661_B_4,1,24,1.0
10661_B_4,1,25,1.0
10052_B_BLR1,1,1,1.0
10052_B_BLR1,1,2,1.0
10052_B_BLR1,1,3,1.0
10052_B_BLR1,1,4,1.0
10052_B_BLR1,1,5,1.0
10052_B_BLR1,1,6,1.0
10052_B_BLR1,1,7,1.0
10052_B_BLR1,1,8,1.0
10052_B_BLR1,1,9,1.0
10052_B_BLR1,1,10,1.0
10052_B_BLR1,1,11,1.0
10052_B_BLR1,1,12,1.0
10052_B_BLR1,1,13,1.0
10052_B_BLR1,1,14,1.0
10052_B_BLR1,1,15,1.0
10052_B_BLR1,1,16,1.0
10052_B_BLR1,1,17,1.0
10052_B_BLR1,1,18,1.0
10052_B_BLR1,1,19,1.0
10052_B_BLR1,1,20,1.0
10052_B_BLR1,1,21,1.0
10052_B_BLR1,1,22,1.0
10052_B_BLR1,1,23,1.0
10052_B_BLR1,1,24,1.0
10052_B_BLR1,1,25,1.0
50049_B_BLRC,1,1,1.0
50049_B_BLRC,1,2,1.0
50049_B_BLRC,1,3,1.0
50049_B_BLRC,1,4,1.0
50049_B_BLRC,1,5,1.0
50049_B_BLRC,1,6,1.0
50049_B_BLRC,1,7,1.0
50049_B_BLRC,1,8,1.0
50049_B_BLRC,1,9,1.0
50049_B_BLRC,1,10,1.0
50049_B_BLRC,1,11,1.0
50049_B_BLRC,1,12,1.0
50049_B_BLRC,1,13,1.0
50049_B_BLRC,1,14,1.0
50049_B_BLRC,1,15,1.0
50049_B_BLRC,1,16,1.0
50049_B_BLRC,1,17,1.0
50049_B_BLRC,1,18,1.0
50049_B_BLRC,1,19,1.0
50049_B_BLRC,1,20,1.0
50049_B_BLRC,1,21,1.0
50049_B_BLRC,1,22,1.0
50049_B_BLRC,1,23,1.0
50049_B_BLRC,1,24,1.0
50049_B_BLRC,1,25,1.0
10144_B_BLR3,1,1,1.0
10144_B_BLR3,1,2,1.0
10144_B_BLR3,1,3,1.0
10144_B_BLR3,1,4,1.0
10144_B_BLR3,1,5,1.0
10144_B_BLR3,1,6,1.0
10144_B_BLR3,1,7,1.0
10144_B_BLR3,1,8,1.0
10144_B_BLR3,1,9,1.0
10144_B_BLR3,1,10,1.0
10144_B_BLR3,1,11,1.0
10144_B_BLR3,1,12,1.0
10144_B_BLR3,1,13,1.0
10144_B_BLR3,1,14,1.0
10144_B_BLR3,1,15,1.0
10144_B_BLR3,1,16,1.0
10144_B_BLR3,1,17,1.0
10144_B_BLR3,1,18,1.0
10144_B_BLR3,1,19,1.0
10144_B_BLR3,1,20,1.0
10144_B_BLR3,1,21,1.0
10144_B_BLR3,1,22,1.0
10144_B_BLR3,1,23,1.0
10144_B_BLR3,1,24,1.0
10144_B_BLR3,1,25,1.0
54238_B_BIOMS1,1,1,1.0
54238_B_BIOMS1,1,2,1.0
54238_B_BIOMS1,1,3,1.0
54238_B_BIOMS1,1,4,1.0
54238_B_BIOMS1,1,5,1.0
54238_B_BIOMS1,1,6,1.0
54238_B_BIOMS1,1,7,1.0
54238_B_BIOMS1,1,8,1.0
54238_B_BIOMS1,1,9,1.0
54238_B_BIOMS1,1,10,1.0
54238_B_BIOMS1,1,11,1.0
54238_B_BIOMS1,1,12,1.0
54238_B_BIOMS1,1,13,1.0
54238_B_BIOMS1,1,14,1.0
54238_B_BIOMS1,1,15,1.0
54238_B_BIOMS1,1,16,1.0
54238_B_BIOMS1,1,17,1.0
54238_B_BIOMS1,1,18,1.0
54238_B_BIOMS1,1,19,1.0
54238_B_BIOMS1,1,20,1.0
54238_B_BIOMS1,1,21,1.0
54238_B_BIOMS1,1,22,1.0
54238_B_BIOMS1,1,23,1.0
54238_B_BIOMS1,1,24,1.0
54238_B_BIOMS1,1,25,1.0
10601_G_GEN1,1,1,1.0
10601_G_GEN1,1,2,1.0
10601_G_GEN1,1,3,1.0
10601_G_GEN1,1,4,1.0
10601_G_GEN1,1,5,1.0
10601_G_GEN1,1,6,1.0
10601_G_GEN1,1,7,1.0
10601_G_GEN1,1,8,1.0
10601_G_GEN1,1,9,1.0
10601_G_GEN1,1,10,1.0
10601_G_GEN1,1,11,1.0
10601_G_GEN1,1,12,1.0
10601_G_GEN1,1,13,1.0
10601_G_GEN1,1,14,1.0
10601_G_GEN1,1,15,1.0
10601_G_GEN1,1,16,1.0
10601_G_GEN1,1,17,1.0
10601_G_GEN1,1,18,1.0
10601_G_GEN1,1,19,1.0
10601_G_GEN1,1,20,1.0
10601_G_GEN1,1,21,1.0
10601_G_GEN1,1,22,1.0
10601_G_GEN1,1,23,1.0
10601_G_GEN1,1,24,1.0
10601_G_GEN1,1,25,1.0
10091_G_GEN1,1,1,1.0
10091_G_GEN1,1,2,1.0
10091_G_GEN1,1,3,1.0
10091_G_GEN1,1,4,1.0
10091_G_GEN1,1,5,1.0
10091_G_GEN1,1,6,1.0
10091_G_GEN1,1,7,1.0
10091_G_GEN1,1,8,1.0
10091_G_GEN1,1,9,1.0
10091_G_GEN1,1,10,1.0
10091_G_GEN1,1,11,1.0
10091_G_GEN1,1,12,1.0
10091_G_GEN1,1,13,1.0
10091_G_GEN1,1,14,1.0
10091_G_GEN1,1,15,1.0
10091_G_GEN1,1,16,1.0
10091_G_GEN1,1,17,1.0
10091_G_GEN1,1,18,1.0
10091_G_GEN1,1,19,1.0
10091_G_GEN1,1,20,1.0
10091_G_GEN1,1,21,1.0
10091_G_GEN1,1,22,1.0
10091_G_GEN1,1,23,1.0
10091_G_GEN1,1,24,1.0
10091_G_GEN1,1,25,1.0
10091_G_G2,1,1,1.0
10091_G_G2,1,2,1.0
10091_G_G2,1,3,1.0
10091_G_G2,1,4,1.0
10091_G_G2,1,5,1.0
10091_G_G2,1,6,1.0
10091_G_G2,1,7,1.0
10091_G_G2,1,8,1.0
10091_G_G2,1,9,1.0
10091_G_G2,1,10,1.0
10091_G_G2,1,11,1.0
10091_G_G2,1,12,1.0
10091_G_G2,1,13,1.0
10091_G_G2,1,14,1.0
10091_G_G2,1,15,1.0
10091_G_G2,1,16,1.0
10091_G_G2,1,17,1.0
10091_G_G2,1,18,1.0
10091_G_G2,1,19,1.0
10091_G_G2,1,20,1.0
10091_G_G2,1,21,1.0
10091_G_G2,1,22,1.0
10091_G_G2,1,23,1.0
10091_G_G2,1,24,1.0
10091_G_G2,1,25,1.0
57696_G_1,1,1,1.0
57696_G_1,1,2,1.0
57696_G_1,1,3,1.0
57696_G_1,1,4,1.0
57696_G_1,1,5,1.0
57696_G_1,1,6,1.0
57696_G_1,1,7,1.0
57696_G_1,1,8,1.0
57696_G_1,1,9,1.0
57696_G_1,1,10,1.0
57696_G_1,1,11,1.0
57696_G_1,1,12,1.0
57696_G_1,1,13,1.0
57696_G_1,1,14,1.0
57696_G_1,1,15,1.0
57696_G_1,1,16,1.0
57696_G_1,1,17,1.0
57696_G_1,1,18,1.0
57696_G_1,1,19,1.0
57696_G_1,1,20,1.0
57696_G_1,1,21,1.0
57696_G_1,1,22,1.0
57696_G_1,1,23,1.0
57696_G_1,1,24,1.0
57696_G_1,1,25,1.0
60918_G_00003,1,1,1.0
60918_G_00003,1,2,1.0
60918_G_00003,1,3,1.0
60918_G_00003,1,4,1.0
60918_G_00003,1,5,1.0
60918_G_00003,1,6,1.0
60918_G_00003,1,7,1.0
60918_G_00003,1,8,1.0
60918_G_00003,1,9,1.0
60918_G_00003,1,10,1.0
60918_G_00003,1,11,1.0
60918_G_00003,1,12,1.0
60918_G_00003,1,13,1.0
60918_G_00003,1,14,1.0
60918_G_00003,1,15,1.0
60918_G_00003,1,16,1.0
60918_G_00003,1,17,1.0
60918_G_00003,1,18,1.0
60918_G_00003,1,19,1.0
60918_G_00003,1,20,1.0
60918_G_00003,1,21,1.0
60918_G_00003,1,22,1.0
60918_G_00003,1,23,1.0
60918_G_00003,1,24,1.0
60918_G_00003,1,25,1.0
50119_G_GENA,1,1,1.0
50119_G_GENA,1,2,1.0
50119_G_GENA,1,3,1.0
50119_G_GENA,1,4,1.0
50119_G_GENA,1,5,1.0
50119_G_GENA,1,6,1.0
50119_G_GENA,1,7,1.0
50119_G_GENA,1,8,1.0
50119_G_GENA,1,9,1.0
50119_G_GENA,1,10,1.0
50119_G_GENA,1,11,1.0
50119_G_GENA,1,12,1.0
50119_G_GENA,1,13,1.0
50119_G_GENA,1,14,1.0
50119_G_GENA,1,15,1.0
50119_G_GENA,1,16,1.0
50119_G_GENA,1,17,1.0
50119_G_GENA,1,18,1.0
50119_G_GENA,1,19,1.0
50119_G_GENA,1,20,1.0
50119_G_GENA,1,21,1.0
50119_G_GENA,1,22,1.0
50119_G_GENA,1,23,1.0
50119_G_GENA,1,24,1.0
50119_G_GENA,1,25,1.0
56090_G_D182,1,1,1.0
56090_G_D182,1,2,1.0
56090_G_D182,1,3,1.0
56090_G_D182,1,4,1.0
56090_G_D182,1,5,1.0
56090_G_D182,1,6,1.0
56090_G_D182,1,7,1.0
56090_G_D182,1,8,1.0
56090_G_D182,1,9,1.0
56090_G_D182,1,10,1.0
56090_G_D182,1,11,1.0
56090_G_D182,1,12,1.0
56090_G_D182,1,13,1.0
56090_G_D182,1,14,1.0
56090_G_D182,1,15,1.0
56090_G_D182,1,16,1.0
56090_G_D182,1,17,1.0
56090_G_D182,1,18,1.0
56090_G_D182,1,19,1.0
56090_G_D182,1,20,1.0
56090_G_D182,1,21,1.0
56090_G_D182,1,22,1.0
56090_G_D182,1,23,1.0
56090_G_D182,1,24,1.0
56090_G_D182,1,25,1.0
